489305442
2365012309
2669239833
1345171633
3354803595
3140740197
3023328346
1024506522
2360953841
3037779864
428991230
2891147356
2455666575
3352110676
2716817519
3636675735
2780412177
185204251
2198154497
2637997828
259752473
2973098045
2556499850
410284581
3295758268
366730602
2956941731
55927455
1155409777
2976658809
456446969
3076789331
4004382975
838155566
2920768779
3922744276
2182254498
514839410
3143240019
3409012588
533523502
2639084524
3110126493
3304564594
2868867111
3047428517
3589281317
220240310
2856599031
2252474955
2865292461
3388668527
491484655
4122564203
2653208792
3431612609
3049523038
2860805159
3144432323
3939104489
2292486063
222978359
3381435382
3082311011
3379420511
2920465410
2716311878
2293259815
2239920933
3333647849
3371005833
2798826736
1497962280
3903612792
3074552297
505159659
2279539231
3019893777
1961189126
1457248164
2277156397
2259268871
2799272229
2414994780
3946304777
2303087419
2549985672
2983961782
1546424100
232693657
944273922
3827601562
1407922741
1182147584
3317237735
536772805
23413259
2758209357
1131198710
2913467427
2571857279
3347354837
3126669071
70508820
3213622409
2728390354
2786357264
3131361621
2252160908
2797889097
3251995595
2861136857
3718689389
3341382989
2650852657
3757560195
2282643653
381700879
3888684773
34099354
3927323416
2814604285
2922080146
2806411258
2857492779
248928131
2423030527
14818749
188810560
3408969819
137463066
2227167976
2987064418
1157251910
2305220304
2182407101
2971232434
1144826610
1268045924
2848049633
1862803338
3242228656
2240265291
3207368571
3559493656
2883947651
1189808911
2962803700
3557827521
1655787374
2867158169
3246206524
3326736701
1443678961
3074205951
1002608472
3129745516
473832376
3741414029
2478967941
3321650219
379911817
932268210
2853827219
2457849346
3069474191
3075874893
3479256459
2969687704
3294209467
4018257987
803062976
3141681478
2441954836
3427746586
2407325917
61209639
2956915228
2261825701
2914934921
2951061605
1313429689
1343745924
215700188
3438215393
2828762544
3111053471
44679683
2952719704
2262634639
2925953824
2469827761
107394037
2987582331
2466690844
1574995878
20672347
2479788294
2929532812
3688790056
2801973095
77141212
870513728
3056949034
2958262763
1892934078
1286567270
2931656459
3325338424
3222634501
387789154
3674769556
127952149
15614500
546667867
2965823367
234425780
2987671155
108865182
62057303
395837002
2906487652
836235733
2828296181
2244589504
533102131
2960359696
1142264058
1552242270
2953140064
2946285688
3320057512
2969354698
3001782269
1620596960
3145391092
3120690784
295806620
490198051
2778068937
2852163999
231442558
720008388
2341757803
4090462288
2948759747
592018336
2892458866
2981185216
2847420719
2761224328
2964703527
2286777859
3293656939
2960057195
2949599801
2987982940
4097418795
738529411
305498313
3001731545
3336641914
2863261841
2829834040
842319163
402089737
2996789037
2696538438
2976570706
2996127255
3179813966
2764176947
1300557187
2226316992
3039160293
118518081
3939699436
34582229
3534720328
3399948329
2431929282
3431607741
2870734156
2912897195
533339299
2764085214
2891234966
586698764
211603289
3345661985
1099320216
2578586223
1053413190
2940240802
2428373077
3408627471
2727653248
2620806568
3053834408
3412346103
22126284
3086689317
3041205459
3150525741
1647487728
3103911873
1883543172
2961787330
2998332813
1452430165
2858755585
297822242
2733528719
2881909425
2249174040
2893406320
3420055007
2941208721
2892995001
2966033619
3351992339
1696739455
1220800837
3473431169
520328382
2961835095
2929399445
954440719
2937317554
2374975438
3356375339
487808370
2899189545
2867860271
985729915
3440843176
1589725662
1288199690
1457140580
2353469581
2790050384
3418694278
2394965601
2255163654
2481518616
739177092
2789549157
2292937388
32182383
613615501
345350769
740017068
458636304
242729753
3844125676
3028943279
179354522
3986288501
2586176318
221012018
2187201387
2550920203
2933434517
2816042134
2697947252
2892067409
184819358
3364189804
74410819
2904901857
726385620
35312619
2369262464
2736293837
2354612239
2919988103
2857318887
2306538278
2445677157
2715754762
2212418516
1500524168
958653594
3092729153
2799756855
2908544187
3025159721
2359430955
2824525385
3328323729
3326409004
2867423447
3056402691
4142212629
2391753428
2995667086
3065676946
796630303
3005537368
2361338300
3227540519
2984294993
2822476440
3337428214
2764301188
110555711
2913674009
2776134988
393381711
1041838040
2807898028
3904900760
1354433744
3024887008
3008259635
3015090178
2280034052
2665016360
2867230337
1673920213
1710372974
2529045359
1598782993
320999569
62550604
2875524605
3208604759
2315886809
197538927
2584414826
2845431965
739340418
2901545635
127242138
2811402477
2256755864
24950371
531147075
1396621147
513178748
2197071167
2346284392
2262548498
3398793891
23349176
487611401
2825744777
432381846
2435836700
148273332
3437286388
2258860623
2964668806
3027256989
2582355602
2934959441
2565382499
2753831091
4103783963
2512350775
2288078756
3791623577
2884082656
3147718849
342960345
2891782713
2846867266
2535268120
3132114212
3245330081
3560924235
1652229710
2973657539
2801841149
433600836
2549786677
4076691137
2458140771
1227706363
1127327604
2962119801
3373689143
1150556330
3095913366
518805170
2535563540
2783864089
1976108232
4092361168
2911012192
3068781490
2976126665
2904941986
3371018013
2987464221
3966080534
3339712126
2282251153
568067202
1170058543
3055431244
2927230480
2925327886
3438147641
333062844
2954523082
3160686803
4040323936
3179804434
2187862059
3435331510
2937962847
3312324137
2717877217
2879895173
3181185131
794866561
2286508278
131576452
3197252446
2156374330
3111075101
3513831255
383335812
2762982652
2299084514
788272369
2549552005
2558358465
2286324468
2921132724
3801408136
3032342475
3091297529
2860370752
3432910047
2953432511
131138637
3169720629
970074576
3345424595
3363875122
2373651785
3345803841
1109845856
3433233112
2958340498
3112390714
2782653320
2731658439
2698519804
2292684750
373516011
612344744
753666648
3906347138
3092655279
3335175909
2843526113
382609715
2590278078
3095332150
2939443815
2367563522
380232140
2788343382
3381184743
3030303221
2981352983
2484315181
2585659596
2437196341
2373814963
2557165735
3606445103
727517654
2427700660
2950117007
2589450150
3307181811
3386994508
3248591165
3022849853
3979788137
2261938200
4018123347
2451833107
606534997
2893087505
2550945882
2438389442
3091279769
1117398978
291617476
2783863828
3312078748
2743954431
2757304047
2876428451
2546539464
2903964418
1624883574
2938405181
2284644639
2890372401
2970208461
514695880
2599063919
1209344587
391324873
3074154607
2899820255
2212915806
3012484137
957065768
104607140
584872709
3794556857
4149419237
3580810095
95458863
2781994908
242285471
3363794319
2931754900
1061652103
2558891815
2835116014
241946515
4001635085
2335901475
2810936765
36355739
3241883465
4114911623
2734778239
3408968775
2731253627
3059574003
2424245510
3586940956
2289677752
258527734
2236717665
4039211261
3065549505
85396021
2822781686
3247586943
3088928603
4070022861
2582620703
3332308768
1274102900
2431896170
3988747515
564872821
2822974031
2799867694
3686538196
3033163018
3408922203
710016629
2172580756
1578638917
3879852495
3729127137
41762473
225708069
2447037133
4137560350
1643492430
184517331
2708294403
3338695961
1647617413
3303519461
3125165817
3405546802
66621868
2889684189
3182483058
110950259
544409379
3401605083
3064399551
3393959074
2427231422
2262889222
3290380925
2256249952
2767737491
3100178861
3996938489
3018058835
91456995
1173381242
3026944205
2936743943
2897032881
135542386
2283633998
3243598829
3231161331
3155870980
2358168146
2909519633
2826490056
2910019293
2864072853
373621863
3400983975
3368812217
2824975874
3053020329
227105402
2260147485
101292606
2817709288
2256273700
2807487767
3027522271
3988773563
3126767825
3022193128
3331006289
1475613169
519809444
1882004594
3114999177
536207415
2383893906
2754640885
2971385847
36495134
116149766
2923534997
3409245627
2906270147
1122042114
288689131
3092181353
2899178561
236764816
2491396249
3985609755
4105351144
2655090314
306396950
2956081396
2874319150
2389399881
1601258436
2305142280
3309593968
2769871762
3017013815
2976806555
2930694647
2759556219
558860679
3066497338
1525254290
3428927044
2967796703
42678888
3024911051
2432404950
291558931
2791783009
1921405159
2948700743
3957831509
483075414
3898742608
1258125373
3852795317
2923994387
2521237308
3347358683
2935680165
3257350241
837406657
3290379983
2871544489
2300167105
301015693
2364988616
2897682633
2482464506
3230537045
2587841033
2871670940
2792283847
43865728
111572400
3360743297
2912593539
1879713920
2966646298
2997934030
2194909350
514404896
113439929
2272081464
406555387
3067572591
2380764366
3010073223
1117687753
2259078536
2933307736
3640808056
2519272908
52354785
421812504
561158505
57766149
2909110221
2904120897
26442481
2389887164
116470193
2844210309
1465474243
2897243283
3085787181
3395805087
2867583909
704520947
377263274
2736432155
2228322179
2293998214
1361720130
3365814803
2866323785
3823179796
3043714114
3289128031
1554994800
1593620461
4144404861
2828533069
3097214902
50303162
2628237941
2295885984
735033170
588721224
2294982899
2974349345
2540883793
4037949503
24856672
2737521604
15969143
546952695
2268902014
2279483971
2621962125
36320272
2405621589
3089865713
2881740340
2226777483
549149083
3092746631
585542035
448074390
3289947387
1701175680
2883936705
2924533506
3044747207
2829483630
2830714443
2946297754
3058073561
2331922859
3438061337
430258415
3025352699
3386869552
3330978593
3005647835
2897632395
3296396451
3240586961
3289857208
2835371621
3042786945
2842464729
2979721647
49690564
3553875677
2382814670
3372187823
3242190239
122625019
2359647084
2289804092
2432340187
2915867765
554583040
2290667765
2636932437
2800333850
527282434
2183999785
2605570706
1451831846
2663123565
2853168357
1645622580
2860478870
2293879659
2927147416
928823119
3380416648
3402867034
3091566405
3040404788
2887338519
402598486
2529922526
3545324363
46345263
4069150721
3421901530
2583902233
3720539356
533634289
2946319917
2770564362
106763388
2343680559
3207910649
2362780543
2744756147
2951009680
2354766951
3099082109
2198006570
3073886507
2991868223
3995501121
2415144618
2982503686
3887555728
3010731593
28566669
2904826005
1241379211
2572505929
1347116281
2977849707
2183018603
3225278248
2972970021
543608105
472267415
2737382745
2828422685
3000969159
2567422279
2819290292
4048282630
2919469119
3031715895
2999910722
2921726867
1219539109
2418372989
339615254
3350596481
1089985008
2906978966
2774458289
3127102417
2474344122
2253822616
2831401426
3288788153
391453803
2937994013
156619114
3074831080
4117686670
2794872431
3041288588
3297098003
1716558991
3437092409
2227337043
2253716324
3775102576
2367500479
2429301784
2464207772
2822175525
2286346531
2945352849
2851015217
2805387530
2731658509
2784356820
2872509130
2955638723
3007390731
3386574827
138121464
3206736833
1702502010
1342755278
1145314405
2788487434
2764280421
866123966
3489323415
2792532848
2213717199
367225840
3072947081
1133892350
107537811
2953788700
637349033
3092093925
3032408711
2848860359
389778095
614465898
2894599803
3341722433
2775892474
475811200
2916226193
732492192
2476030254
538055218
2788244420
3105078777
512482189
2810068978
2312440607
3297842573
92841846
2950462996
2552972708
453065262
3378041242
3299759734
2815188994
3292749639
2869041201
2716464774
2912415165
2480166854
3417769131
2192418798
2612178217
2286775027
2921336807
3332773199
2887697247
2859711966
3324102191
425811560
3308469869
3754246643
2192319452
3398285231
2797722219
523262972
3392201807
2251970639
2525909768
3964320136
847990532
2933268178
182760916
1625114460
764245536
2505506044
784327730
2994231813
3308179239
3289353244
467510888
3903723026
1490115115
621005196
2221870600
2797312846
52709864
3347679549
2944038383
2829149345
507574120
2253070188
2943649738
1013551734
2334555689
206385907
2912418911
3064096931
2174558520
2807708217
2883839319
3233399475
2888994721
2990016348
376818440
2917372886
3252533577
3144125115
51212490
3418129421
2466601775
109257190
3200766833
794338326
2524220328
26339223
2974911915
2225109777
2736248009
3697936036
2252093258
1209514183
2225060638
44440236
3261219043
3383407312
591131631
2855315471
2372214531
2277719432
2266424947
1180319570
3373042727
2944709193
2556918356
2830421501
755683093
2588438930
586030836
2440221302
3063913180
2546113201
2171001837
2823472042
4010980762
3156578790
3371002337
2194415480
1426395354
2365280125
121043433
2871278638
2779089428
3310866779
2937401471
1098955278
1871045466
1158149712
370616059
3315161625
3295057404
1948738459
3084201965
2442916822
2389825310
2498144035
2909580509
337729126
3081608067
2992527243
2821772216
1195207321
2870644648
1953669728
901669375
2665661124
4133438536
2534509022
2298058583
1122291498
3062161660
3384054281
3435566092
2969740715
2987139341
2825782955
2819797275
3044944096
2845218970
2876364244
3237078933
2566659813
2932257329
1228067076
1928675714
958154509
2961113465
2937248431
2682615875
2911422111
3092529364
2945770588
2643951358
3001358513
3405209805
3342953831
2982656302
420484037
2955702849
2499761556
2785518666
6173342
1024918400
2847309550
3092207345
63397914
2962701323
3297767350
2347356687
2984714929
3050148088
3343013519
2530195970
3133285757
552482017
3381319551
3370546169
3351837335
12584302
2904357063
3437975813
170215680
3092297685
2969360945
2895776015
3334205621
2260047376
917261522
3656096842
615109486
584200241
3344695787
1915156484
280376517
1895091733
2348508229
2715063317
2822706045
3044578929
3048030053
2545652985
3082524834
1459270578
3044745940
3258221537
3587500342
2881710634
3181992047
362134106
3647100198
1207488408
3345805569
2593286182
3290671680
3008093073
2522094848
3635895555
3032261279
419730976
3957810449
2925000284
2727500668
2567748061
823739665
615401930
3052851970
2980220537
2566901892
373474854
1957626780
887501509
2661969756
2889707609
3090628197
2149736442
2300545280
2759124737
3364082572
2560926459
2719973118
3236915242
3088346302
2937048027
1368272924
2484643777
1099321356
3060154973
447868769
3037220548
2469258544
2508794477
1155256957
2973200596
2793446838
2891780939
356227170
305254431
2445754444
2872222775
55842541
3257993021
3439101953
3475368917
4151155708
2221518765
3384132747
3473422696
2204814213
3198503866
2718530211
2154666550
3238860790
1690166935
2382951505
3152896606
521506046
3397005718
3220813527
29306310
3117768179
2774646585
2997819971
3345929873
2984902588
1332250663
4144130721
2996709694
46604387
1168176620
1859749332
507864814
3244485821
27367296
586639015
2719874003
1617269222
821387268
2472920419
2870633547
2861401491
2782362966
1541058452
2948823988
2398268135
44112565
2504996113
2955929452
50919686
2939339085
2347286490
4083901522
2895107764
436051714
2953533023
3019907056
3673529895
3049944731
2738423056
39874915
2850298996
24961665
2822977112
3381297057
2983279935
2996027566
2414859984
1062691963
207098489
2777998345
429116966
2223881422
3639806537
2739308294
3092998168
3131368073
3419634981
315194132
1004177186
1467099348
2801752840
3434027668
69002864
606137338
4135971857
4002566369
2389017203
2207375849
3255259665
3144977529
39787235
126405262
1589824933
2911291595
348671884
2662847016
328600314
3010494837
395550462
171296095
3391465005
1396327794
2381171395
584019683
3195819058
19071515
964747045
1854762836
2769257855
2721068716
3308390999
3986199669
3398130802
93704556
2901992543
2987116180
2348950758
123891093
3062670347
722965436
2209476584
2440194809
452917609
2986475399
2959224208
78056119
1743382968
2186263261
3233011749
3294253739
2972365889
3065001965
2857211909
2485355233
2225928647
3179530464
3384238529
2834957362
24997090
2985937420
560318117
840463982
4135694871
2973228849
2953117984
2468722693
2874340258
2715369527
2879864464
464768654
218812495
3032750842
883029380
3297543304
51114175
23090026
2986084527
1105819862
3339084531
2863274267
1683836936
56111928
428931588
3108737993
1920465294
71507277
4148190676
3016574187
3246771309
2931889869
113378614
1655178870
48283877
422969833
3596745795
2311632468
2187825825
5033
3406315888
2739028552
1432816645
1071036864
2533981451
2841228213
499149119
702060063
2290236733
2485805120
2783021701
261359680
3296719541
1678454754
2956550907
2971071059
2545296362
2236411965
2715812849
3002957842
2497013808
308459919
1519242434
2829518007
2961128872
1538438245
2280323052
91102886
590727449
2892018160
2172399150
2193825741
2738148502
4067400886
3410464589
2281109887
1310137417
2871930711
3204653143
2978799677
208751338
1597818728
3138896753
3405233279
1456904118
2794479675
3337430367
3398902912
1859920753
3372704026
2264681041
607555275
3163429174
3366260332
2223533873
3293297300
3248754250
2953884149
3348635637
1545762265
3321200717
3021419657
2207384875
724524024
1067387473
3098666885
2783425270
1728245071
3025023370
816919130
983136314
4066762407
398022132
2763807222
4061299407
3104027548
56795281
2796275341
295891923
135122356
2893282049
2976207730
3230606399
61867966
1348611588
3294448773
3415210618
1433099852
3294854829
3063900809
315329154
3245096835
3898678048
2974871392
3001677910
4055829011
3994506028
3384293591
3175738491
3334486229
3115078143
2268647706
90266838
3147917511
2308783511
3295591833
2535081237
2996345158
2359128149
2166630562
789855054
3431577028
2373553078
2526288352
321565577
2544261984
2933653180
866267946
3159315261
4141453841
870902562
3238390917
2637611371
2816349124
3124133182
2823914024
2249998440
1029586656
185746696
166250408
4067158775
2534065695
2324152811
2290238030
2894023689
2244175609
2475615698
3987361888
2974963481
1863314083
2232945790
906173131
2203588732
3007369150
3999961413
1459222212
2203475255
706918067
2404201005
460894374
3288576903
617497572
3064312769
3028373507
2611856384
880879651
19389439
3393903556
2815039150
3025531612
2754889537
2339301905
3340755191
1267796898
2589292176
2936750512
2971105845
1485205921
2989316523
3253333313
2885586766
3183123627
3414566397
3077483657
3356508028
2427634090
557867102
2981842487
1052875874
2577294248
2250924378
2476428432
3254154040
2824463006
2869091915
507117963
3905988391
3345911657
531070126
1449755102
2804783551
2541456057
2878050129
2921860926
558925869
2752032943
2873884529
3304941100
2941450767
2563989281
2161290523
2154165280
2851125566
2741547045
718087281
2968020879
1652244242
255181364
4084240497
2808045348
2976338765
2724185930
2767657058
500058591
2895894670
614670604
3835044208
372493329
2226171004
2291814351
2940049581
396125613
3343174660
3437154723
3090849874
2757491448
2271508838
2803532488
2401636838
776718914
3953236643
757566966
3023414603
3300169961
3230730981
1469932536
1471641420
2902513843
2949898767
395814675
2979825237
1737471840
3301000546
389350123
28777793
344618641
15684121
2888963344
2872086662
2381150370
424417494
1211839796
3119070053
1006109642
2831569592
2862890403
2785335257
1475760068
3128561986
2878635682
395133637
2540732650
2760685300
1583278626
3130788207
3070461063
613199431
2787811086
2993989966
159503041
3298810350
3045043431
1556192108
2477652350
4068364275
2208676828
2959971201
2199512538
2986795630
2956583973
2835459448
61179671
274908141
2882483810
3292683983
2521253125
4003102888
2298104104
3395334347
2783663826
504333475
3330018819
3098842361
2883186921
1015420748
2748746685
2230312523
2780735634
2232310480
3089777447
2737660189
2223729141
2226970295
59111713
2824736245
2994669892
2842458917
2734814236
3207717695
3043026819
1860886364
1974382658
2243903856
3816373095
3018955028
3399873544
2778315736
2991745312
2270184822
2917061541
42369382
3050275201
2772127168
3413535489
2783903514
3174449802
2422539284
2961019857
2987563925
3004360383
2335510249
306134980
807738392
69311569
2194417431
2807545914
2892045501
173788185
522257676
552808189
709953801
964841034
201205877
1612654411
2475573119
319805920
1660569217
3014360290
3326962773
511937080
3044807309
3047743767
2828755896
3030918691
3407111549
1333806528
3344380577
3245936314
952281170
3017322351
3372315065
405930813
3262259260
3133895439
1131144493
3351270467
2831660429
2801667119
20914591
23110568
2984910930
364419128
2585547618
3046493541
2586853513
2164472854
3023496459
232443034
3027105683
3718106705
2807341529
2573874669
3100266737
2966445959
3032282745
2876487941
2850430728
2348110431
3362774799
3081379721
1919676356
61707955
3557206461
2909848619
2911000121
2265163557
3012550708
178296567
1365767498
3389416811
2967478036
1178120814
2521805075
1004233320
2357228265
2909591201
254626126
2940674926
313300303
2415316399
3398722251
2932758962
3013245757
1852468026
3049171211
1276846765
3164195926
3295568019
2960163329
2925189028
555383117
3242017047
2371431682
2283985844
4141318767
2929643663
485020590
2942274345
3044520123
2966259735
2718831081
3684083069
2481700536
3350713450
2403303212
219736644
547089720
2951037257
3029917658
3379631381
1141981496
2941593291
3310591733
2765213683
390378736
1551727350
72008813
2823850097
435181115
2759613230
3369214289
1510900554
1617344940
2813815265
3065996794
2839496524
3001537423
2857282884
3088372725
3001501480
704845900
2910894105
2879398485
2938630714
2833983831
2715062621
2479651165
2263117098
2284250160
433027312
313407354
427428444
2266167670
433420508
1008566522
2905290557
1395694093
3293827145
54609603
320399379
3069786981
3630710232
2468073330
2753631226
2838328317
429300491
3381474995
2911284686
333366930
417775813
145267430
20446586
3306010845
718075706
2489676330
2944200941
1660290698
2169925417
2367313718
3883552227
164402175
178820266
3010716791
2966521283
3263484245
3027213573
2272320077
2867307413
2293275030
15581969
3083598663
3413709663
2728965363
2978692757
272541391
2837052059
721771530
2900157100
531913830
1615580696
3735314176
543344599
133183233
1142776225
6160812
2268741140
3935829329
3706990877
739926636
2945446726
951925712
2304230774
2987341205
3065806114
3427574393
3410034519
2594104223
2784793952
242385547
3066139984
1375338978
172867843
3346891467
2301977126
2837475496
2836887107
2538443110
2856182829
2787423637
179199025
3070399047
3233738253
19388283
1353927001
2491941547
3060269947
2580931691
2599208529
2801659660
2488252650
2556929372
2811070294
3899778934
2960061269
1515874008
208118442
3065937550
941488340
720859172
2816036909
2983276139
3039504399
3012226269
69234069
3376713682
837870732
3424249900
3813709882
2256202214
473790422
1848011539
2803843229
3221897026
3312395757
1068787928
3040496499
3026645949
1270506944
3334112806
1221670351
15516366
1429627692
3273403316
2839660720
2850967605
3227962181
2304563210
2712300062
2779160346
200960145
2356169467
2827153271
2246151808
2918223239
613435003
3822290302
3065363243
2994999406
1914226892
1439258491
2500950006
2969480092
3773506697
3431955831
2905004386
2976035656
2910148503
3087715168
2370631246
263636057
3406381043
504613126
3295575731
303095837
1673680440
2989558385
2807307051
2948439329
3032091149
842229601
615230904
3055334651
3291209632
2874852593
2340115244
2254756431
4141878503
549183097
2813741264
346605435
2880492974
3189553565
2886032488
3629569697
3207787923
3207505193
1423711849
2899153073
746785771
3301353111
3004078229
2861157567
2744389318
3123247191
186055435
2963858579
411744507
3298119833
2943157813
485094939
793349318
3522106695
404830551
2433977742
128280614
2832075407
3059117385
905964036
2970266231
2786079094
237379234
3574922716
2913806285
2255635943
3079151721
270370491
2977993342
2205753312
2294065540
4097916561
3310667525
3191781346
2866888152
725491514
2840955303
472874580
3538234696
2569268433
2884688315
4117663761
1180236577
86709428
2740002562
637019205
3028105618
3992708225
3092205562
2810961599
2306558520
3247637788
2954945758
3243440007
2381534234
1349967584
2856348238
3687873857
2974095537
407281041
2365319125
1090149918
1112171492
2782189112
3053785389
2888928616
1013050718
1162651273
3311548955
561898632
2837214429
2938352536
3438867191
2755610067
3068022976
154191396
1505347980
3109685351
2881526195
2849215256
99079587
4112159807
2245459370
2544540194
35707635
340403745
2303822798
266548473
2759045180
2172454012
394014643
3087565678
3154494257
3186673851
2969364657
2801383025
3438929962
3106337279
2954102681
22631970
2785177019
2410350046
2565108948
1959173599
2279210574
2651263555
73169378
2854413579
2719427393
3031459692
2973824968
2257500668
2885943545
4031357867
3769962269
479617486
2184257206
3387409517
2512547413
2258652728
3333084124
2506674719
565196318
3314934574
3170245372
587609895
4106399104
338686058
3321208901
2904739115
1717128374
4118490255
2809050255
2258595038
2786704449
625853240
2689893653
2314208033
2979817199
2401365938
2961790677
4009742476
2902353641
2293986759
335811302
2424322056
2171329462
366511478
2801288209
3023489325
3081343627
3438272381
2882316603
3120439717
545421734
2865414641
3397158682
3098704077
415485587
3119719600
3987061822
2904993808
1481879078
2746418513
1685034134
2925029012
1947879966
2544032796
3748074441
3044634617
400307740
3298917713
2921062326
2804125654
2308161803
3377364904
2971637506
3440149037
479473414
2517554298
72144342
2863455589
3166112710
3536452167
2892080187
509238415
2450975353
3164577896
3383064215
3425544100
3040087502
1052706727
2954203949
3340963823
2908538673
2774274057
3108135077
2459948493
793635679
2170439407
3019448745
2838038236
2778954337
3015071163
269507667
3245159194
2766301491
1082614014
2524909846
3301598589
347305494
339527582
1269679448
2257126336
1367603358
384787968
2956702954
4107353837
3297883283
3239239888
608368950
548663569
546417580
3425401186
886945194
3384226095
3147424219
2903525735
1204309340
4044314362
2740789067
334819613
2540506408
323168915
3134305528
4100042722
412527670
2267149209
2254870993
17166067
891606691
2921585946
3309138250
234315042
1118040758
923013326
211975642
2856546647
2245251771
3397420991
3055388752
293151713
2449688420
3884011534
2290016282
1066343630
2206669779
4124488427
549614325
523482271
3123736979
2817599406
204717288
2940670637
4128159693
1255273741
407720772
2290248800
3385567613
2329420732
2934200039
3095789949
2921153703
3065872013
3019751195
3008517515
3010740513
2514863978
2528538534
2261421422
2263463056
410761908
249172073
1716818094
3108209819
3091555072
3075826949
3989699291
2271111924
2814129837
3044983426
3151715062
2898555549
564410875
3138735040
3978056013
2684861718
2881071004
3150310976
505760915
2275795527
2838162539
3082130440
2785712354
2236828294
2912639911
3152310159
1441591478
3986201698
3216400085
3025212394
347960592
1443391172
322000492
3293696595
3131239343
49591209
629605368
1867829780
2956012959
2727619779
2523007052
85770822
2278823246
2990249566
2863824831
909578023
473740344
3087187181
3020540651
4096905435
3211789287
2193848572
494107630
2951673981
3302515198
441841699
350752538
1095704570
3291191293
2909091107
3372421108
3068042067
2761923008
2149928667
360889409
3846253516
2949432556
47175332
3227141626
1701158527
2202159533
26483592
3436483011
59742095
3349901164
2718174051
1388847859
3243630364
2887245773
3339841127
3086649002
2231838939
3689064815
432358990
4137050854
3372723573
2935194701
2983765733
989266170
4121581485
3087391012
2499277189
2808193319
3061700385
3207831897
3376276966
1274919679
2523625310
2272677379
2259236978
532259822
257554251
3248945560
2312879877
1921270178
2943620110
1404862357
3377370117
124517121
3073302917
3308707126
3293239103
726586880
2937003689
2994058594
2275010675
2784255226
3019892955
2156047834
2876218629
175466118
2925866992
2899519061
475629877
2784407033
3058533052
159200860
3394659190
1588230168
50770355
947793540
2979764961
3023257984
3254718371
2944941598
2936942446
2761797311
2763832719
475218595
1586569314
2846264060
40220036
3053829848
98823138
3101953739
809706601
3429890680
1356570434
91620647
2414573929
2978185067
2247354328
2292611714
109666516
2253740484
1195337658
3313493993
3307076164
797262492
3346674047
4145085857
2589281821
98327318
4149684631
2932081449
2851664855
3182578167
2365612837
3324993803
131117202
3290769769
2908199535
3053593574
3522884902
89669953
2907712299
446313343
2950226818
2391483661
2362555412
194146838
3089272331
2529559788
107124129
371914686
454277473
2927204824
321498304
2942670689
2859435514
2907583445
3025571975
2530430941
2845439854
3079679103
4151655669
2547657210
3433899945
1314245862
3375757719
3620460316
2223282193
3686639423
2247815206
2582924904
1106001066
2926967721
906247454
3207496623
4076415857
2876284649
3731547333
3092112711
2568630645
533971406
2293077908
3295415433
3173340591
51727090
607268204
2860339311
3423754761
3527816655
1527516594
2984416673
2997061042
3008023773
3901158616
2889032942
2234428785
2960660243
3208068418
2646842139
2439756342
329754404
381663611
144822758
595496556
3222424199
2966764125
3439115003
217092254
3207144443
2899425677
2960588613
2786499708
2980982782
3177813064
1387228118
3310729899
98395187
3405373840
1283901470
2527121660
1833049272
3090728457
2938852775
2173910974
2535637441
3400107015
2982422537
2741025329
2901717600
2945939950
1163372064
3089899101
2551165309
3009989303
2231932394
2536003265
2855036817
2882795793
18674175
1280331030
2470842024
2826740372
2941258595
2297962973
1612126015
2826658726
2834307797
3329235676
2423456810
704863942
1553233297
2885346981
2252880094
2944103429
3255611283
1088989698
35698134
726021037
2488851394
2774938305
2817503014
2952324699
1071341918
957879420
1158202472
3401561241
2532031920
3422078183
1707399144
2758305164
3133373121
2865787515
3731975056
2391665990
3257523605
3027831796
2976821608
3981393743
2921109879
1104248378
4148590431
3079225342
2894857078
3070196679
37480009
1136594730
2571174769
3944582835
2270598799
1936836805
2775376179
3092271957
2816739343
264944133
137408078
3805849059
3144857733
2870909889
1746801637
2722128892
1522071007
2392059084
2989407281
2333616489
513017182
551721418
2787532309
2869119874
2238464871
1563293354
2303354341
967886856
390305405
2267603202
1200415676
2264187640
1583970253
3065498050
3919355494
2893345198
98919369
3018991137
2230597569
2930689179
2516098193
2770152525
825358752
2185158655
3300426887
2956409075
2934827295
3288924611
23025717
704613516
3296134953
1227450020
3091660193
3023184580
2713258017
3325594761
283964957
2727169021
2517930631
3255618141
2290012876
2256616665
3226414906
1887313177
509148420
2782219405
2960650240
2987171488
3364478055
2762360059
2294474775
2972242102
3165275513
3438539405
3256587531
1433817271
2777012503
3402383307
120567863
1893895710
263566799
71489466
1081248823
25065504
1431760531
605424412
2787441500
4127343125
65842711
2778874933
3067544931
3153357028
3832248021
2715334274
3048034595
2401483194
2929513617
3101581281
2401467084
3919182629
2443004535
2946704908
294546633
2998102071
3094139657
3124474143
757086061
2910424955
3140200804
2883989476
1499243911
2885488174
3981357507
507748904
3333432682
3929484447
576820885
2929669270
58738704
4026356620
3037458070
3001663390
543779546
2265801065
3244465533
2748430779
782817307
3309362223
3613040712
2514829152
3384787726
2853336556
1131997452
2966112557
2973145491
4012282642
796564111
95240419
317029049
1488145838
3312181072
2590838250
130815661
2279356121
560529057
1938742700
2868946893
1378717062
3039622913
1353894692
472273416
2960545534
2149763069
2246091854
3301562171
2731428569
815752748
4056315077
3246083122
3441092849
2923768185
3108010763
3368540751
3385841578
137668228
714123710
2824964937
2931515735
2875676126
487719508
950007721
553474844
2881385345
331138043
2725039233
1024017499
1318874826
3063932158
3426565427
708305368
2888015999
3395062301
477253735
2960751455
3131341768
2965911479
3367540889
3049977269
2943907323
3333285765
367221900
2960032084
3436869784
2230530253
2904028348
752895828
1492763334
473763509
703014881
2831120499
2825215251
2960017367
1591107794
3241788023
3081146595
3435357201
484891800
2793546240
2918224482
1218378678
2921868670
3685660583
2950007363
3041689493
2162108991
3450553889
2953561001
2243546059
1322759012
964442299
2201831871
2412732684
3123607744
1686593532
580930192
532929815
98722815
1612917572
3005695055
3866288416
2585178337
3007130830
1469248886
2267994860
319048832
3065498992
1852719626
3369412515
1423844730
2528876920
125939209
2160450827
3558090615
2322579215
2959932029
2902454285
2428895296
498980796
2567820196
2958535828
3279383211
3814466721
3356519188
2427240711
764163894
3655278916
875722440
273117464
2798482126
3228323315
361212052
2791575205
1864765844
2412580981
2828275945
1340023146
2153621802
2886621051
390128342
1905501308
2942829766
2296205668
2897118701
2253734763
2906652447
2775410027
3003685444
2666153671
12530002
2924280691
475205620
67410210
14377611
3180826294
2574697278
1272075006
209707616
1617320845
4006914563
2901936661
61029548
3834069323
3140872900
2784316985
2288143876
3064524814
3289731815
3329799178
3130602779
827768552
2933670545
1456928882
264183054
84375807
3121315349
2961813388
4060810233
1135271731
2834451947
2363794772
2280847238
2546597473
3053421527
1009514436
3119531566
2641354606
2544141858
2482646154
3226021222
15929130
2901317741
3041260617
3348883151
2960143491
2271609950
190285148
18644176
3305876788
466702686
2940093929
3065811658
3152577497
3971989359
598663274
3360823911
217565569
2766957626
2922030121
2801645417
539447804
2974203183
2951562695
3069908350
2807295526
3018159927
718076593
4064030836
2892441203
3363985887
2510510371
3595293976
306129726
2292341926
2966228783
2254717067
2882201648
1115468545
3957499491
3056278071
2860908989
2804312213
2901090311
2405386353
3048708015
2432230027
3796755382
3995209823
3332754965
3141175589
2791653748
1052849822
2862598696
2467484722
2972225530
2956002940
2662374332
2262712478
4085307616
957180482
2914765714
1020520602
2720081859
3982354163
1521691830
564717808
3375548968
110634003
3341357249
217188383
3257373106
3236678051
2225176694
391224585
60889544
3007678643
3073996066
3350409891
2899553008
2900610662
4047421342
3511699815
3339478577
1551403183
3064421654
77327281
230465092
1493596322
2895227710
3612926543
2423523180
2735510435
2451307099
3105483519
2960254545
3049588528
122371611
3028263940
2932840875
2966447956
2841331203
3046088555
335177671
917169199
1245347449
2373156322
3205193488
2949378070
2275735959
2731967301
2936736135
2302776804
2365748425
2884972636
29480593
2875006997
2402335316
3633487338
266489838
2965004529
901349462
495853766
2729399199
2821890416
1019627005
3039185008
2884012250
3214522463
3288833687
3342788110
3177749128
2997585791
3423535269
2935887436
229989366
2391104060
473199160
2788048458
3026857252
132507903
2826100670
2960430087
2919610171
3107563419
4014758007
559656632
2901984834
439671218
2427930116
72951616
2924570051
2363943415
3473744656
3251874129
3989417727
827409342
3425850221
2756029796
2996677036
3364470353
3072564934
2799552135
256904525
428153110
508525884
2733500189
2472211424
2806250772
2192861766
499089282
2188141262
2203612389
3353682191
2897210829
4004924063
428422379
2745122913
1492164877
1384203750
1577393659
2730446245
2917164362
2698604577
2868662589
2894260391
442487042
2953520553
2980898254
2818025851
2865958745
2841146584
2397893952
2278101883
1387527390
2836984744
3437995835
3010100409
219726845
3344459745
2977099535
992794369
229795994
3017405327
3334408469
2719115493
2290461101
444127363
471186818
1701265704
3861137159
3718919241
3368709874
2217917954
2880773943
351828583
2817901228
3135986697
2944719340
3698790557
2353537014
3389985081
2795433432
3299590570
912883898
3243759083
538443980
57336728
3154357949
2196389335
37739354
2916039904
3358996313
2205159700
4097090548
2883002945
3177725621
2302955833
2836858214
174588759
3044644685
328565905
3299563173
888923262
2924205426
2806863056
130467552
897979405
3871108037
24256139
179188889
1004063456
1008411223
3064895242
3208742806
3362191437
3711145155
2947256159
3084816862
15001929
2425830708
2170596913
2914074508
3042700935
3003583095
718986080
2352678263
2567156022
2296073175
354192418
2187848939
1975545901
3243583719
3407289724
3289092390
2752741827
2212019808
3341946197
953289745
2294972052
2964241966
2223126248
3240458062
3077276734
3124549071
3098496237
3490641449
1875953995
2987764960
3175955009
3322805704
1577917279
3397397596
2863860789
3346358405
2762451273
2905425641
618253587
749905244
24891164
2881889890
2796114987
3235531085
2479877779
603026495
2365680181
943529132
2504567284
2994321334
2663511117
483730930
3056181561
3037023573
2912110810
19092908
2863481866
2287269589
718207870
2008871
3028946140
2993874119
1620658927
390652370
165507646
767748164
1669442161
3007432954
547066194
500070395
3345433444
2883692822
390298750
519049023
3003974715
2783049346
3347012717
3113949339
78846643
2819079298
3241999175
2936146504
2872338556
2949058925
1495948314
863460151
2885962132
722747570
3099896878
2878664642
3092102289
2926266094
3356531368
2260235290
2780458219
2380668209
2869440524
2964496241
1724035838
3292282183
3374640251
200809863
2967873623
804515719
294069709
2982385079
1128870374
2942199030
4120460056
4044852544
2834464012
2746673752
2980323880
1394094997
2353595430
183280600
2792251691
2891316646
2260205256
3080504979
3246118372
2278160306
2874935337
502729918
2958819754
1169100872
521668819
3981977109
4040780495
2782755478
2452026734
1246693508
1962272796
100493695
419826452
1129115443
757437134
3489523875
484796658
60532644
2363332847
3882271469
3009901600
2401030375
1115411612
2922971643
3179191203
2966801686
2917489917
3045124192
429353931
2867963639
2225737584
2342011002
2720318208
2449745240
2917565862
2231463078
2362339986
83817868
1722574968
2805681128
2232972581
3007407011
2187102336
498895044
3344016370
2256168358
2324674335
3161416787
2900372093
2976178684
2850113002
3346543425
2857532423
3349563700
2821340806
3296927304
540397167
3674969248
2943970829
3774678442
161025044
1855689817
1913527375
906308124
2290738183
2960894951
3209045740
3293276398
3094811722
3396903653
3059112220
16861155
2726239660
2909338379
2843408255
886411976
3119937513
392637415
3074786037
1511442378
134073974
470388998
3129759527
2914556205
714626403
3097023495
3231116128
4062570527
2785202176
2234405463
1655338410
414260789
724030398
2716042223
2897261057
2862842133
3021436696
3194055099
3373826195
3238814830
3124395419
46966475
989654971
3231545878
2939390194
2941323538
3344436303
2329046562
2217064648
1579984958
2974304343
2399168284
2234350121
2973151287
48100701
3130848863
2801688159
438621716
3688128677
3336470697
2781232393
198441691
2894443889
2973758127
4062576077
3030644637
3110381117
2261809682
740292398
3228418739
981715922
2703677601
3060228297
1684282766
3001024145
2792140874
30691021
2785741819
2855121970
2781818571
2232363298
2294447544
2454409238
3297904266
3351140433
3785303728
2609866304
2948594565
2368685740
2312532315
2884555409
3304973824
2328514292
3425924573
1967201348
1417739539
3505813335
2949079935
2877751721
2863054912
3396207255
1493742079
2804676979
3258345957
3213898065
2839555618
26457965
4128245117
3928864833
2174905131
3323059317
114603748
3218711830
3926830157
25492699
2230085204
3087480166
2344535601
2850135359
613620338
2883138037
3191866781
2863647803
3304416904
2496845647
4034248791
1142808217
2714198156
2996175459
2774503769
436144817
2435282414
2714406157
2777597081
3255728464
2868189255
3317507009
490194407
3398605077
3078993814
2829707680
3005391563
2814341519
60528856
3566649617
1288633260
2524308546
3004361439
2540882000
2900577148
2831994690
1314204320
2893856044
1719704522
715367569
1610110902
470304577
3258381561
78436225
3992506672
2953500179
337055199
3076904913
47881531
2423668280
3320331717
3355542407
2398135052
2828585111
3313382385
2903652671
3169410352
2873390362
2176137831
2824729894
3311743935
2805666229
2770110432
964921310
2485127016
3360273189
3295431165
2575688341
224021217
849107136
3380293605
2958278902
3306713674
877946046
2171132566
2638525613
3966502879
2948969633
252189384
2397302001
727976724
3209963338
2930959949
3097113641
3806610257
2538206797
2856558999
84249177
3718097355
1979045185
1865268464
2495348776
2257880724
2982793408
3022216883
3125768247
408121877
534523037
1553875189
333619212
3386362133
3209438674
3491507416
2874708429
2893112655
2685112258
2789694545
2928998073
310453355
2906225301
3197622057
2461967958
2855039037
3091578639
2899679776
2876969921
3314364890
448927889
804350354
3387090460
3099683889
2847418559
258604675
3121107932
3336353507
2892091451
2876055910
3426203195
3050071559
2278186410
2729378868
2275554849
2892020464
3303707333
1058297635
2754731488
3039544589
244498114
2982257783
3290690595
3064783217
2974365311
2439827664
2336617795
2876171685
2423252839
2292060981
2873641400
3176516459
2959809669
3781077802
3970899923
3432579047
2954545083
2902470251
2774539768
396671322
3438487396
2972980805
3228659975
123684089
1417552740
906132979
2308642307
4107299770
2902240898
328935727
999663979
2744675194
3297620926
3432384795
4071485655
2784276038
2867155197
3419467167
2551001503
1418407435
2295600408
2981074425
756598602
2562734537
3209465079
3770836055
2782394930
2753134629
1135286731
3370773393
392315823
3067637193
2565817137
2978319339
3916545682
2446662127
2894469286
271884316
3302586851
3081102430
29219479
3140618543
916815440
3420002805
2914227652
359399874
3050204800
464013273
3451088597
2891938588
2873570367
112346035
3093945090
3177851583
3816808408
2895360255
2841744509
3672342615
2700876289
3027320526
2273457411
2909651961
2522162820
2942293147
2715838839
2581097886
2772617212
2569211486
3231946439
3092438045
2994138136
3376034309
2912642940
1685240144
2943736378
2182272912
3771990508
3152766665
3613088241
2542991804
2391094675
3633686003
2854426421
2797406041
3931158957
3764384356
3864385643
16614469
2887115914
397128611
2867290685
2897592257
2831429880
3386697454
2549543766
3420605098
3080755871
2973055115
833374758
2481378860
2762806756
2803661776
883763562
3056424868
3426160977
443825772
3981211924
3353271550
3042770938
2194609149
4026058529
2849942421
360584331
2734935273
2857557273
2864945521
3069351899
3334195839
2268780274
2829254838
2171317833
554717663
3430539670
3392388964
3526918102
3077812883
2244114091
2919854285
2919547068
376786755
3095333723
3378657406
3341479353
2285426054
3311478219
2316756368
2643288291
2979543557
1273613780
3092771254
2187932440
3979952710
1539680107
1876410320
1660877498
2707253521
2528042179
3311524797
2274973423
42488538
3131201667
2906220339
3022334919
3001451530
3415920759
203546187
4149421215
2543574672
2644756198
544141556
2304584617
2684620613
2830124107
2243824864
2331916853
2274650468
2973689049
3294041415
2838897377
3006646114
1048158198
3067543487
2923637765
3222573694
2800116539
1262308405
2897244153
3784397547
3064393462
3190863207
23089503
922902594
3366338488
2879332631
2294027242
3043291697
2927416793
1472233117
3431062455
4141946740
2788041505
909182084
2899321378
24676702
3255970199
83568762
3012601079
2306490277
3088685443
3226438402
188650785
306421472
2277603672
1848299113
2951337419
3117993095
3243690479
3928179581
3074643057
373525934
3097023003
3762961456
332500486
78539203
3349539766
424928133
1644857874
91559517
334622339
3017234301
26507518
2936386984
3370884490
2835254393
4048533081
2782736381
3155484706
3156383271
3300818427
3397586697
140005308
3130631487
3298805714
2512581067
2891811063
2983168181
2973744891
2999562790
2215986097
2521960699
512422132
2814863010
2845295205
485551547
2248928041
3092240753
3020291434
2889175461
2851366732
1228119786
2969383281
3707118435
2875290293
2415143282
3035400387
2985645167
2353058592
4114109961
3302069627
2440128718
3102682612
191415229
3295239093
2373261390
2883151954
2936788582
3312358078
3078303516
3076125101
2810987655
2825175843
3012844588
2896004475
2791912761
1186676570
2763441851
3360092140
3419927985
2840929288
18211816
3748532117
2301313907
3860965331
3241609617
2877027517
3021055934
2230354910
2910933148
2928481883
219437287
242908862
1272941760
2865336521
1277418367
2822368351
55543943
2803517430
3370755219
1543678897
3556777276
3163003863
3128892862
2318461181
3329117313
217026832
3137505496
2201886326
2277373839
3407775813
2231588648
21072783
1379886115
2652056924
3014794593
3288404266
3926475388
3018791367
3430020005
2880043856
120424743
460433408
3222639836
474919473
3402160677
3125957913
3098554751
3226411678
2188663296
264688924
3110853357
2785673624
2969661333
2973504471
3863184455
1283171071
3345171959
3221957373
2150851764
636290811
2632046554
1922821392
2611817478
3033453118
2798055687
2295360455
3233657489
1279957230
4029986415
2470932874
1490168642
4016811580
2293273256
1078963112
3910019662
2909639169
13339612
2283233941
2619106055
393307077
2829702279
1153517041
2726226887
17657390
214655919
3919126637
616939423
1394885538
86407773
998211265
955046382
3305132981
2837646796
2712252432
2450478536
2873544004
516787514
708870889
2332028004
2359579318
2831425186
708725462
2275596687
1844164284
3105762539
3334093683
214662927
2350905057
1022121445
2815271775
2916470330
3034642833
3092658731
4048519461
1167997514
2827375259
3063884170
3389673670
2878052764
1557981096
2899884508
1417585742
3247244117
390587583
542390621
77507089
2876373400
510282667
1456889862
3025476863
4095927993
1103108449
2765771578
2921604481
3297547714
1084185067
4141159888
3757851021
2837962667
4001911342
2278579816
3238732599
489585185
2306468240
2407423881
3397018588
2880955553
2834074457
3006758578
204928422
1448852791
3348636743
2800097856
622035044
2884976893
353229186
3637273456
1239484003
871446840
3311668516
3291414940
807433002
2916133433
3058184880
2623442434
3370501713
627685417
3641459789
3039574138
2918223102
196544767
2950907307
1574894155
2743140454
192128082
262885590
3816701145
1601835115
1849481864
2718600219
505761101
3355604205
2543771408
3132859863
167409023
395526838
509900542
2850769689
1035792607
2187940540
604882320
2526543676
3664802476
2849926839
2479242929
3200541754
1906817906
2902386689
2976179985
3090717519
2286598075
2811131830
3224515989
3299293545
753584268
3101581545
2243748958
3437922963
712576009
2936153788
2883122494
2912938593
707442848
3300553551
2425874390
1196302752
567939253
3375845525
829541904
153402506
851329050
2904560997
51212524
2674180330
496314892
740968196
3332254054
2845207730
2874537423
3346347617
4016167749
3937760361
1076474156
881725387
2775850683
2747394862
3227891757
2868632680
1374416978
2495873328
2901186291
3327313689
2624850171
2855336061
3035071385
1280067895
2279620902
1710354457
2936392817
1595523457
297551222
573698946
364212782
918871765
3177767763
341039687
3002078229
3379055855
449125071
2944712097
2408567038
2715540526
540182972
3910533773
231149166
3435215530
2277484850
228094904
2217926240
2525328189
3318601390
2371675291
1086527760
2166929133
544939352
3059464439
2354453765
3338689924
3091551117
2451326274
3031119053
345873747
3207451312
1452938389
4025535803
3105654831
2362964312
2844161230
24916253
2349074386
3528670761
2961527440
2840449937
3065480182
3292864347
405407391
2884298885
593035640
2292407881
742212648
3097073033
3910465637
2223037034
1680288439
1938254288
2755875269
2488932667
3255735580
2921242671
3417659571
2366347729
5165651
2911102643
2521197072
2540195549
2979647703
1025089771
1017483276
2880013948
3288209861
300943604
3333315357
4039679129
75353363
2306456778
2348980664
1063435849
2234604843
1174192339
3483770001
2902130557
3315706125
2933229375
2846879914
46603680
3331053113
204377288
3436658585
3001839339
2738960039
3001240817
2751467675
3049005370
2875255660
1534947674
2687855015
1517481793
232937497
3599231548
2952756502
2909474495
464175544
841312782
32388253
3858940713
2929131225
3874592267
3227546491
2521231703
2805062817
3216675447
2722248527
3958244301
2291654953
3764167637
2736656853
3776878576
2737052381
3226174619
2920215291
2869011496
2824570464
3390852029
16009942
1924606734
3068173181
353631893
2987293635
3134939656
2938231906
3297766529
2348258690
2301809887
2909266564
2966493845
170229255
2948882151
2868770135
1563370783
2270046852
408768256
191527604
2242712527
2315814258
3346464411
3031158174
3353608954
2870261985
2445753732
32132938
747290130
239329592
3121187368
2870745096
2904694684
2810036961
2680471693
2813733892
726845328
3890576597
3415920239
2689532053
3416319538
337275386
931706977
2570568409
2840594649
66372356
1573315015
2273858908
2556148092
2840117705
3023412058
2768511160
2545390146
2955988041
2995714791
37894253
3155464741
2653827851
3114955247
495916817
2228871568
3458221161
2455742404
37458118
2741977425
72583049
2866310733
516919872
1581380492
2381890789
2990571207
3673702821
3133061182
2662602439
2941495743
611740984
2293996421
2390625595
2360921959
2413969083
1292179465
2547236115
3091936193
547664243
2937235192
3076598824
183776502
1899493501
3264441929
3403834217
2982699892
2664300371
2482867940
2610696667
3988751789
2899288307
3050387441
2859613513
399238804
3355363613
306766240
2977797039
179544981
2546461400
2940619039
1374587467
2841932751
2718177860
395570821
4150225405
2271006883
4041585615
2601538561
2372904021
2876669826
2923242461
3152651326
2939527030
2717920595
2661706033
1055901732
2890950009
2935082879
96824664
350547506
2966495140
2882555986
3224357607
438182932
2800336785
3224925533
4143333989
2803528172
1719996140
2723714972
382224821
3656659815
2984256155
2897268814
2984804314
1368873109
2889825173
2547276362
3028538745
2955415804
3436889723
3006124839
3145872315
3091540132
327624631
17441538
3018783281
2298988854
4062334647
2954043202
445355482
852773605
2960007863
3337306437
3192769961
2862652850
2930018313
3340720540
2748829647
3068614935
2440450620
2926785269
2960287685
71219682
3166877488
1862892673
55736543
269909986
45906658
3170190873
3367975563
4009870792
3426327730
839810599
43634716
2840576583
2931612195
3164348265
2906619803
2499086550
3449449167
2518607198
1883028980
2227010503
2865611422
2993973262
1496461657
2739230390
3556695676
1323159804
1481956260
3327705041
2845733115
3280267437
1220226637
3063421247
4089986074
849876888
2467648464
2879601497
3078069137
3000042604
308441107
2908580915
3069480245
3749218108
3253793495
2543373737
3093170361
500862216
337171171
3937705589
2914026473
1549148862
2651046575
2433893730
2924741855
2909506065
1914922806
2409522664
2347170775
2917091501
3416044271
2222183855
2961355960
2961333802
2148756345
3030043329
2176208050
3928513233
1317064680
3092533599
3296702417
2654183870
2296080302
3436098545
2521673658
3553887857
3880708515
2280451885
497400816
4067085196
1108390850
2865087582
2266126312
239522301
856512692
2973698997
3025464639
2914588331
2857364638
3327705515
1295025667
2743000486
2208781149
2286758828
2744465639
2299322923
3358981347
1748900538
2850540430
3070497255
165082095
453032085
149865111
588977391
2821384965
2935128154
2886605787
3297567948
2267462468
1112038669
1383887754
2284483518
3081656392
2909205065
3112363198
99642930
2884234893
2840692637
2155598350
2874020363
2293504713
2754406961
359947172
3337658441
3011994953
3707461035
424465603
2835283181
1196070122
2945654991
1129471813
24902569
1496417574
423408145
489390180
1551546289
211072783
2647263706
2816866230
3131334159
2480045078
3140734504
2860730512
3700164975
1486898371
2883802427
2528646035
2844037271
2766722974
3394374303
1378872476
2159096165
3004099960
62503367
210939640
389517498
3300436623
28865523
3230784970
2216741809
2966004267
2761950141
3176286448
2830271024
559670617
250997294
3013135605
2875212568
2906261175
2280850088
399490765
1624964263
2904395974
2885124984
19715043
228317644
249238437
2949294742
2244352938
432401467
458676226
187891382
1566169213
2799601087
504932080
3307979074
2805675444
2522746675
2620862003
2674067173
2366935880
1448891028
2917148146
3089753261
3293028412
14799459
2890260591
2946265581
2817583229
2826026269
26025172
2901139636
2742631603
3296128013
3063096699
2247716652
3089726945
3028719351
2827807753
557136924
3257894061
1460353423
3688043657
3407230329
2330240608
1572988692
27233653
2497907497
33065974
3224696853
2906615099
1587718650
710891741
2938788490
2981561357
3293961695
1308684320
3310329443
2254698188
2415691431
835060759
2920112414
2216324166
3026932955
92367570
1209744230
2594256405
2295365193
208975633
2367382191
3225923751
2265846326
2884696715
3955341395
2769207767
3228389259
3431249998
3407141806
2499809876
2737989856
3262122789
3530622795
2362308890
69319974
3422144902
1278133580
357604998
2735508994
537896868
1198392931
3241819336
2205356370
3179095137
3349467550
3003685233
2834234483
3288837819
854358230
2908252312
102172015
2864166767
37968387
2929507294
3297823217
3316833959
2517937506
3792297142
2361476847
2900535427
3677312715
2474880367
3056772323
2513264006
1576067425
2894035143
3377187897
3047154652
50047040
2668944815
2231614076
2907535335
3026256742
3234429357
3125328663
2543291144
481583495
2982428248
3425810535
3092929218
4063305981
1247633222
2840999441
2841058396
908333839
2242350559
3797020156
2996432660
3322566376
293149245
2166914269
2865913174
3101121557
3014221343
3300479177
825578046
304412186
2518809185
2816714529
471489459
4075402463
2775286847
2903562203
2915713906
2745244363
387270524
3894256996
3319102282
1701423594
2798616939
3254307029
633989350
888447822
2824687285
2761664916
888297266
2816449668
318887731
284465224
2954889189
408438034
2794530681
2184841928
1196444298
2951177038
2475196524
2939125041
1399058054
2954112580
418349753
3225719128
91808759
2354829961
3375295853
2454208599
1612488486
2450704748
3019993469
33202501
403046606
2830039139
2953079693
2835617637
498139233
2897162818
1269963900
2412982544
3826255527
505679050
1397483136
2976752938
115456416
1528883564
2950003228
2279068591
2941512454
2379929665
2541170541
3288909659
3311251617
2446876164
945685819
3019580104
529014379
2885539642
3298241207
1914740407
3913905983
4141869323
2189976917
3310460879
3080583026
3324693964
422878370
3372136493
3126766689
2298554514
2894942837
2950974784
35698684
3846308723
2172105881
2827224928
2985932200
2288368840
3123238611
2498028650
753590089
574001539
2287267105
811595876
871927068
2927155859
2996218984
3266672399
2261830658
61804121
2359309691
35034980
70468939
2860887942
521955791
2917566793
3256796974
2194134663
2291461633
2905222414
2270228212
2815159235
2890731837
15467371
1247933366
1453430126
3114476289
1689015050
2997363209
843113192
1452209648
2842666833
1076535716
3074773865
1395510390
2310544364
724455576
1218222428
3121643806
3024008201
2809763544
3326228444
534655201
3131111314
622658629
2482980678
1090121394
3070729354
3889643597
2935605916
3426526977
3225448048
2837034029
2363044586
2857429609
2525288930
297721455
3244670705
545783813
3170644083
1924201260
2727967294
3004031025
1205844972
442972955
2166008872
32364318
130876333
426845091
113039009
2985890841
3016512681
2757135472
3115047214
814191049
1022334055
440257196
2496002816
2698007949
3317806761
275224932
3862888877
4041720549
3073498614
868333908
1881345667
2428005967
3369396897
1170007494
3309712467
839266981
3044649039
3400569603
3300557049
2971375444
1265001529
2975207380
3001973186
850502054
3291778449
347306018
3169127625
3252471881
2206294262
1415137146
2222973948
3087217191
2983025782
2826606012
450077549
74791314
822162115
2938811595
636779442
3076751703
3166402551
2893484415
480606558
2878071131
3143913317
3302149228
2950290821
1369906448
1945018610
3046041147
820208198
3399270477
2253445460
582626998
891710173
2906097166
2883980417
183961416
3180507838
3195543023
3905192428
3044905799
2960739171
2933715455
866445511
1446336745
889547616
3236974077
497851702
2784002418
2215428025
2440063144
3044763855
626159530
3103212329
1035475236
3130563285
3322907699
3044805922
332437836
3118571063
2147714754
2919507839
2418737666
1077907872
2934567411
632849661
3758812817
2285775825
2907644109
1010399521
619364708
2155531515
3188777753
2811740398
41091859
3111572194
2951562520
2805941578
2981447489
2254033855
3357671763
3005621951
2477498210
3905505733
1185264822
2980230747
2370077959
2872398452
1046053974
3182827133
2942179521
3085775865
2341966244
2870191169
2827672078
3039424379
2874297641
2742830175
2653355239
919648704
2431717655
2909353437
2981368378
2295168952
215321992
3710430135
52086814
3308209288
523690187
3480068242
2906431965
2862748397
3428864399
2845252293
2891858230
2292194995
3412755861
3563230997
1393012410
3061761561
1537661312
2863342371
2982532311
2515134601
4090001975
2927969277
2283220294
2870169520
2893521821
3092149846
3432723591
221921890
1346511668
2214667026
2862789663
3335344491
3165964432
2775078616
2995423137
1618299350
2297874973
2887325891
926126113
311337878
185160497
161237320
33180247
2954011505
3167087596
15978945
2977567229
590706835
3891784241
2616494555
3390788523
3011714241
2545595813
2747310105
2723959177
2856579317
3313129804
3226093726
1322315347
410107123
2774980181
559841807
722964380
2902713489
615553685
3387622377
2897067147
2867752107
24775088
1474213040
3302078434
3315589786
221830568
2766884079
3000926560
2563111341
1087331521
2845004895
2938132948
2916456944
3034782645
2251660022
2777466521
3310855527
2958938554
2899169531
3360463883
2716955797
1204979437
2565232411
2905451416
204231097
3937792577
233823499
3211568464
1573375603
2879277364
3295840655
2965511685
319312539
418956334
2172422794
3130747083
3296322393
2921661004
3450072387
3108898281
2449630992
3291741550
3303394401
2962066847
2764151847
3334303246
3036507046
2974910134
2786966571
2757315455
2588031320
722789030
3429441771
3014358149
3025490948
2849668437
3272246318
2920101567
390577700
2277104932
2247872326
32837134
2178571755
3412926886
3342942633
2966664893
3554569943
2555754137
480571149
783840211
358414268
2259095107
2198141332
2447563356
471950527
2549477696
3947025977
3185225315
2955309641
3022786337
2567273555
3640107023
3091209874
1884867961
491587471
3294392900
2859452721
2828562398
2205635679
2262944730
3199968719
2227544386
3286645493
2502768667
1021805640
2439599383
3312169433
3035596457
3317292472
3429450269
2964313205
2271948948
2291639935
2879921733
265307314
2879408957
1097674585
1684074517
4055592857
3930478397
3139699635
2889199521
729277892
603851781
898570598
3022871675
3072424671
2309629627
1173255468
219983805
3311760807
764004660
3436392951
2869457333
1496179478
2837938751
2830540389
2849386097
2913881397
2769185091
2919279373
2629358098
595566788
2999826806
737285514
2912704987
76004756
4102957161
2962393199
200806585
3015332296
3630954612
3957016101
1172782988
1468282441
35327884
60055931
2683976717
1573692768
3294930021
2719190545
3293405226
3665615955
2951066200
2429446024
1735036339
866154535
2201538239
28329016
1198499365
349223279
2304411726
1573631198
2902144853
3574289595
2437310781
2341640678
4026522435
20368136
2553219630
1946143118
388790005
1637857520
2863401061
273086961
1442528528
851012190
359580559
4032339255
35034940
3017291884
3110438723
2719461528
3317782323
2827094480
2298503612
82578458
2842498049
2966567674
2734934871
3723683188
2517916186
2876654806
2882942907
1003921544
3246836373
3590417536
355768596
3342596549
3332948201
2885278713
2447383860
377269743
2249785942
2979532744
143609567
2813231121
1894622768
3120827399
4105982123
2274770793
2932610530
3047273745
3121104506
20532024
390372678
485644997
2518800964
2948432746
2834882243
2899290826
3439551833
3176356943
3131125935
3073691964
252993638
3307373759
2242069116
3727230617
2247108721
3031040909
3349079285
3354189208
3313515843
220663898
2479923465
1925898332
2621608882
542912874
2939783157
1004795826
3831717563
2944158807
2897058657
3123390255
3075055654
2971194226
2900522002
2244651396
443836636
3180513123
3882468933
112212956
29451196
17703224
3304593965
2992635695
3030458238
3510724169
3166206112
2971100625
2424212466
504289804
2992200832
2905228679
4126678576
2866579156
3099511666
3000029753
3027977529
2597548889
3900248973
2978554313
3115794982
369488221
3219543645
3315645562
2439766094
14099564
2245158662
1386960679
3555363677
3392470431
3187738029
2456943388
2823117880
3630588619
3242141217
3186862031
1435409978
191577798
2425911283
3404612501
460607577
419901448
4149648320
3324348165
2881502727
2523892679
3979955247
591726471
354856395
3296284727
584893015
3070950472
2892126633
2864052033
2893537918
3608097796
2277372727
2230461776
2365435932
2223076783
2896471113
2808490801
433551146
2790414014
2789234954
100996616
2744740578
3346846875
3332161779
275738401
1208223726
2914085453
2690147744
238055562
3107632499
3169839238
1316921
4070517856
433387437
2884389844
2738506372
1413558522
486692671
3190417516
3389910070
2978504225
2958893103
550300565
2789805271
3425341959
40698065
475670201
262728547
1318291290
3202322734
1732818841
2914234085
2472567615
3953362343
2889251356
3195034167
2726396993
2327018539
3190646686
1252884210
3392180549
1456951118
2842586987
2214422079
3933006076
2381157739
1861576784
1112514396
2803908204
551290416
3532456155
3548294117
20868111
2189946896
2486741458
2957181279
3234123775
4110722627
1551349122
3301745404
2827370704
3193712793
2227998890
2194327174
2422024812
2828993645
4130020619
1293842928
2904330347
2280264036
2289942432
253311503
2720067649
3330891555
2866307170
2557420074
3354616641
2855218767
2766465293
29964890
726187183
1975696039
1524385477
1047893558
2937467842
2772746107
3684612028
2974937093
1148330726
541718742
3081121870
3032254479
1617367148
17587989
1860223818
36749958
2834893654
3194707791
2318021998
490182852
482865959
2808695319
3499806863
2245315364
132530186
2717358475
1432736245
2972010478
2954804925
2746911032
2172600541
357461846
3068542948
3149305876
545390092
3291951153
2805981698
2721264384
75852609
2889382972
2291477053
23058808
2810045616
2867467379
2490979668
2863330606
347529683
2957136857
3257872180
3355279545
1951881648
2612218394
3077236312
826890764
1186858410
3150752099
1181769020
2280528384
3324939819
2676554124
3308077367
2886852417
2623867913
2241625837
3845846895
602681367
3047135583
2920519476
2587390309
1347479024
2487451596
3059386792
2954559233
277663966
2847306766
2385862730
3342677819
3439051025
921930907
1183723206
3757893802
3831951737
951477906
3092683480
3993486016
2802065318
3223819563
3047644635
2542080804
2328484307
3012235719
253062139
2800125602
3781481547
4126578562
2442863945
2275136353
111119488
3151711475
2893518640
2944491634
210891119
2921211208
1260416017
164980088
2674996739
2258925242
479439964
3250857065
