2792593609
1480100798
2556321013
3184044399
566672324
1093358252
3439219756
3005844718
3019901801
3126203531
2930069457
1680813456
2958540945
210994689
3511041203
3223251748
2679754201
3852877155
132887443
312277325
1972672363
3450293601
1265746495
2903317385
2811644742
3302137673
4106416425
400296249
2969930585
2326058838
3043042739
3294430408
1893916380
2973634367
3993498681
2907135850
2978816937
3111575523
2281511351
4118085136
1847773106
2997426965
1138743728
3242238052
2256195759
2589123062
2994777982
2992969923
2210898778
2912523599
1946707328
2816787969
3026223575
2836075270
2624166897
2906993548
2241795477
3308073269
4055587047
765488713
2938673278
534584364
3398384068
3002426901
3398821474
2938705593
272339094
3347725005
3989526141
2283347437
841783615
75823184
3017589742
2350337983
3616909936
265005852
1229614807
2997730791
490581650
2856970019
4081473815
2813657118
3326744777
1020443251
1556192108
3302558140
2280535502
1712407160
3044446438
1479772596
1402106917
2899264833
3147590822
2928051899
2792561204
3297059050
391988742
1726470811
224205813
56680979
2910690681
1964634066
3291185009
3437690944
2791056539
3135719583
609816724
2828128192
1361373906
179114188
1543026079
85963926
2924475616
2732753111
2986708671
2877018737
3336717413
624109182
612657856
3130892321
3864621515
2874000825
3358243660
2773480973
2860444264
472745826
2451801373
2985589769
3134434991
3288155459
3013074137
821691042
562070124
2980338076
2887217715
2864070141
457937398
89500403
2896870773
3242191260
3231643799
3184327529
2920524886
2602023344
3987317261
3351199918
1858139822
3788895377
2792662175
3202088888
2296816410
2899154722
15452794
3315119746
2984178718
3494723357
1076666550
3172694548
588325290
3941934153
507282646
74537835
4009259751
4097335762
3000227308
2184536321
3716457855
2908057139
2726225541
3091363090
1137916039
3302665509
2763509919
95494715
3343179455
2956014184
3319082742
3074706575
3182551457
1744282129
1976118043
2802734829
221507009
2330460446
3244959627
331857530
3704473755
493405485
2552219676
2716307334
2251182016
75343252
3065498585
812656130
3127438103
3909332247
3030719446
2984485877
2244608520
2253995558
2905164795
2987814784
2808971720
2777665252
3120886415
3296566685
77970339
2796224220
778996448
2745244363
2714470121
1444446006
1468801082
160212209
3073492990
3003840689
2785108183
2476568498
2889245505
2964562185
2164495934
33462946
2802821361
2933504253
1511419818
3304986744
2851766013
535080152
752749747
3854065637
3007906612
2845498630
3439252355
3051647615
2469014759
3772846642
323110229
2841175469
2354908881
3782807055
863757822
2193965525
3410270289
3063345603
332725754
3030401255
3038925333
3396023451
57083694
3028851321
300823674
2989624541
3264370132
2956012187
2830282821
61426276
3028323825
2869576011
2978961083
3025917160
3346013567
3209173827
619485031
1960820815
2936842264
594804532
3015172126
564923029
3351825539
2736524423
2999919520
2220379542
732534529
3418623928
246799699
2977856445
2831580876
3030664227
2215450866
448169851
2845893453
1124618173
3121175690
3092461041
2755864011
2782207081
2892559936
2349054755
2909909861
882723074
3093515309
723074622
861103724
2785718666
2766322060
2832039241
222201920
2456676268
2876393998
353598621
2954969626
852614936
2886281728
2987292268
1297044234
3348945863
622643806
3012976919
2733097676
3307554248
15481113
2781494428
2177005695
41094664
3047511828
1256692644
27766190
3153996858
2952134667
2958660173
866953507
2214201985
3102191020
2200843774
29224305
2719011053
3222590745
2954114656
3646728132
1172688432
2271471753
2572735904
157782365
238495404
3399208767
3040378577
2854775728
1455117006
3290268777
2796016517
2179238236
2811602742
2964863987
2205407845
1048273628
2938319087
2899658009
1499474546
2188930050
132801649
1262504064
858822906
456537875
2905375012
3821925689
2955185062
3985308735
278554298
2867766635
2345180752
299702137
3045630507
3360736173
2275826927
2832517955
2342035586
366451249
557248517
2973257290
2833639109
2902707713
3677855895
3135695992
2311798376
2965957881
52345836
2754318979
3720818069
3164508825
1557640748
2882994477
3228521369
49254603
2889040017
2360551619
3135052708
3484091548
1077907872
2900771987
3298468169
1284112308
2913707728
2594640921
599627113
2269384040
2977279673
2183194092
2569194582
2677936280
2184841928
3295081745
3340655855
3058648335
1445050040
2708043710
2908216827
3337174587
2888249985
3220447925
621319203
2920264769
2814604495
2363074620
3925125257
2829870680
3417155487
2956291270
3046538133
18449364
2909096855
46853765
2807385411
3295009107
1118725915
2944562541
2820430565
111578669
3308285847
1030354387
90390565
534908624
3165878115
2217426767
2422728164
2936828872
113405585
2779281959
3035466628
4091629263
2958263471
2849386097
2902870551
2905252498
100081996
2373534360
3005886554
308408195
45890164
3387087591
3302029343
2814968507
2894865784
1914848892
3050423639
2780458219
2819215228
3109763645
3911366381
453452975
4124325023
576654204
2905594049
2919597279
3362240999
3291034092
3051156981
1895963994
3400202769
1172326956
1045177452
1503603577
2781229338
2149945311
327843373
3041273866
933857684
1051069573
572597011
2927544562
2243243429
3369165819
3297764583
1195207321
3130902773
2868633339
161583562
3175711090
616893905
3127237355
2271931880
2782522237
225918524
2631598485
3339669645
492195214
3147181689
3232570155
3087230513
2543337953
2359751424
2932990954
2921736516
2871117388
3512611227
3698450951
3177030082
3410468121
3370368083
3796275443
2919943361
501072876
3086680791
2954956161
17681802
106706791
2956008291
3295641453
3569901095
2867291486
3028827592
549399953
2949115307
2354710479
3384747682
412346268
386688515
478822637
180825493
2735486344
1679355919
3350660645
2821179028
2908358608
3290658117
4069872575
117734622
2798193701
1500886872
2571060951
562304454
3304464250
105904292
3052751779
1274772206
134823343
2880975406
3827825295
2949144737
3382954259
4054819721
4038694936
3366288736
483023922
3065680480
2827755732
3295619759
2565024122
1311158226
2857994719
3117673409
2948464942
2217327388
1620957300
3428032841
3044842498
3141933719
3039433311
2778334074
3176840877
2423652469
3217881821
2792709871
2957464347
1385063982
3060405870
425206698
294134683
3124570966
3003633927
1563515258
3023477703
2940881655
4069985008
2993047241
2823714478
2960966530
386950753
463758689
3294219447
2941010321
1954255490
2984182755
2389049453
3187207259
442197111
571663611
2909266241
245947303
2203289910
39086517
1485684420
3121988831
2850146122
2730326393
548516137
3291716182
3159063296
862913468
833927100
3223677291
249767003
3708233057
2320904288
2727619779
50756384
2919576898
3012288207
2583166930
2957134618
3335505177
3295258448
1193204929
3248815551
1241476482
3472498217
2971596208
584001522
3492657797
3092839516
2992836959
2976568373
2228089884
2983154014
303245048
385871918
4112449822
2713904348
3654099017
235077944
2792805424
3114403331
2827315264
3600710056
3107610677
1886271686
2703824920
2856914338
2202012852
2313859443
3833994467
2887240744
247486337
2905794167
3345546527
1016246138
3401040851
2955312022
2717576569
2882373586
2788619293
3434437929
1889916523
2399887561
2921732796
151068807
2910182129
3689445323
3298382962
1555164738
2936040730
2973146998
3159870159
2818752779
2884825303
3068277303
1725696589
3251130255
3248421725
3049861717
3307497904
2755662654
4074632560
3163701657
449193476
1188971623
2381117011
3366042197
2559204662
3989510955
851329050
2920175512
3404243433
2196235992
3208445933
3313382385
278921898
3078364307
1201742738
2915858625
517425665
3400541547
2937001941
123546600
3305955347
1706255702
1914962161
3974064333
2690574736
2599636309
3041497132
484699241
3196640704
3040412209
3313625541
3920695529
3316984108
2940746427
3031873925
314204584
2644350016
24039610
398771200
3022849649
448260076
3047845536
317125034
1157760278
2836823095
3091616813
3187769651
2494840380
1658988943
3045270677
2162875128
2863086022
2886002224
1253630798
2591901661
140005308
3084762208
2879600314
2946246382
3380077541
3646857494
3912659003
2507722171
2925193125
2921143839
2851677940
3973420426
494295804
2822781815
3221627707
825821468
298659405
3126931219
3131386167
2717949038
1964433114
438758194
2502310934
3136891408
2259839020
3384631042
17832001
3179363441
2945632739
35103481
2798279077
2857688945
3862295129
2976574071
20357544
3044896150
200204810
2893017731
3409148505
2824160160
976007420
3057352573
2883185824
2971392149
3007949721
3011825337
880763034
2891885399
2251851048
3315595233
1127014070
3021212789
1872209467
2828588462
3028946140
3307447473
3435974590
3040511711
2951009680
2832032014
3131793155
487637396
3395117751
761575068
3368977881
2443840699
410161708
2977709224
3780306689
1960887144
38147533
2700019576
3380246373
216310556
410842277
3192442216
1271168006
2899595085
3381463199
101266274
2458523905
2959905249
2845451531
126746665
944433242
142036018
46956811
227743073
3597657742
2796141525
2856000659
3663037279
3288476003
1525342994
163790520
2852200853
1350668862
2964917674
3912121995
1249296643
3044907766
2861166490
3063894777
1646422790
3843953956
2992888918
2828342258
2961369465
2983883719
80243145
854533746
111271658
2868835583
2840511100
2238000984
3387804754
3480953117
1275352122
1371686563
3024846591
907822669
136209538
72378879
4003963588
2559640776
2177419816
1048554152
3339457006
18478449
3069572242
3231113758
227651883
3061967248
2774464709
2910894105
2952122164
1675267304
3296050938
2913426727
3179286267
2806186521
1128723331
265260787
925139149
3093532698
32363786
2938848675
3996540089
3889282965
3065291121
3064836928
2801812491
3065941679
717237303
3128420518
2874532427
3064677249
44582290
2301585459
2942891825
2967757323
2960252775
2718787593
1903169509
329720530
2253388642
2944927037
2813815265
2778756682
3928547133
3397420991
510733348
3576430037
2394332793
3208170382
3741652649
2942083167
3039542825
3312108869
3344230329
132814772
3259646266
497218062
3083628425
2348803909
2828554414
2848151699
474095399
3063900809
1726406124
2584138344
1079483904
977893790
3291979383
573946445
3327677759
490481213
2301793285
86929555
2933489332
212634823
1600471423
3228749183
498750526
2952668973
3324473253
2778053224
717528103
2943499462
3342710577
3243658695
2888982058
3392711998
1707226387
2960377875
227232861
3302798092
2840171919
2825214351
2163799475
3323229791
2326245460
2952821853
2876607472
2961355960
273386372
302520487
3392880934
3273403316
2993768910
1622497393
360160149
3749000361
3015685324
2199447881
2765771578
3136545479
2188771697
1309834124
1049971458
810719892
2977934932
2991722853
3240160287
1916594304
849054102
2881492732
1657614510
3030918691
1545008011
3317975116
728133072
3309016559
2935731736
3600020356
2941263281
3557206461
1466855556
2965518923
1843828590
2644962784
2990283669
2825091550
533998418
423756193
493621816
1409916642
2814727758
310660735
2909122384
2788260417
3328453708
1933542062
23746530
3233399475
3130964415
2889051982
3085345930
3087326439
1732753770
2499465653
3259727373
2545315437
2911212137
2869518868
2792198736
1236499399
3288442384
3318782896
3092153103
3305617821
2807665311
1252914469
3927201497
2917955753
2771912247
3331677545
2891174909
3892441360
3053016097
2528042179
2771064287
3089774909
3236989996
3135241235
4022909680
2985909377
1871434081
2933847832
1039672429
426674164
2953140064
2891459853
2872505998
1644545228
3124262026
2789787438
603028188
455933262
3825360735
2961966867
2844308087
3304483102
138605136
1470769568
3657081382
3021349523
2399657580
2865857026
3133551123
2267166584
2287931925
149062233
2661061415
2843146696
88104557
3076758578
2897125431
2917286116
2956873390
60660876
610975982
3022812281
2942256375
2876998146
2827668825
2908834761
3346589601
3997434376
2166757710
3010166704
2394998477
2798209386
3302641270
3955275747
1860441410
2804314284
2903548522
422869972
2320973318
1894715149
822903788
3016237940
2663123565
13823102
2378701279
1400723568
3191562520
2437229255
222513464
1146103524
2469391566
3225719128
2740618629
3344247657
409506634
514465369
434987420
2941823361
2809465842
3824579536
507274919
2213851656
2869305219
707727119
3381277679
819725390
2952458567
3004052933
3091421824
2921119685
198576684
2957124063
3936573736
210102321
3846862588
3960206308
2845517506
1534698445
212649497
3557827521
2817781812
1037937913
2878016935
3955753229
3035061178
480684575
2737353881
1648831046
1331438756
26065124
3118065129
2194609149
2307442898
107759892
3292678903
613791169
2430471146
2916121855
1019158500
3346472997
3413249399
119009236
2996285825
3115400651
534334667
340998923
1570945254
2789452027
625666446
2920354540
956115847
2267811341
954886363
2939125041
3955592368
105785300
3064764653
2945007987
2945465097
2829603958
2997232221
110783540
2980214883
3233667077
2855666889
2763221605
3091621973
3297518318
3989293395
2559072230
134086497
3536722215
874103802
2895769414
110645703
2346740802
2407768749
3757741163
2956956940
2875028872
23922814
1129219531
1665356946
562641493
3366473590
2798260070
2687393942
3494419055
3022092057
518561030
214624516
3236328367
1850745469
437779050
1710573061
2736888711
1677651008
3295704190
777883231
2768229959
2973760072
393304470
2917125915
2875076338
1076355570
61242755
2360396643
3057628742
3011240068
2965998909
3023560018
2148269829
4017876797
3332254054
3319172763
2841114579
619115868
1548826094
3340228408
3047368473
2831177727
3236541568
3400788220
599536806
2706924271
3390497943
320173410
3249473017
341514214
3419985323
2893375029
2479080477
2887873661
3748271967
1346371939
3048845427
1693414086
2427122499
2901094584
2967357117
206630486
2955997312
512423771
3817469493
2839354797
2881434022
3429680345
3000932788
3377184363
494307201
2879784040
407653384
1453409299
3596173815
4045665569
2921388123
3309056885
3081096737
3023194415
2888192699
2932359425
2510547477
3239209107
3417769131
2784013307
2399420143
2767245598
2995671329
3289918551
2893051413
611937124
1243259155
3297881355
3415854778
2277466160
2188825544
3105092597
710959052
49340953
2858480739
2860339311
2782219405
2844231605
1242232478
261270906
497974557
1601302057
3303654772
1493723587
2596920338
1173224053
3354698032
122040117
3240983470
2795104883
334151189
3906997223
3256811625
3105171837
2841823089
3415745507
3017291884
1020659528
3311370069
3225919019
2745976638
2811833411
379992297
2226682284
3062633319
2856182829
3242185697
269317497
44387865
2354616574
3019848159
2969625167
2267671612
2969639225
4018894455
3957731963
2893881699
3364808939
2716784099
3011951861
3131461289
3829604969
3199614926
3357312184
3228883738
3226299951
859683566
3309147808
2979551015
2943724689
1959253177
2801834577
3227277717
2950080040
3024335441
2975333184
3351162797
3309780749
3615339077
2758066098
3026908842
4075290675
2942034280
2907969045
3019971507
2866218831
2975299323
2950802871
1046074938
1077663416
2367014800
247334030
3032247425
1079241180
1344996750
3110047930
3167275762
1287237583
2846329452
1021691845
3986723177
3092193605
2810670934
1142638286
3355279545
219007743
2954576759
2194091582
1234697749
494919349
3040114825
2291333642
1343705318
3155921661
2946013462
2913545223
2873789525
2904120897
1693179846
3861000676
2809595030
2865236915
2865393226
3022238678
3954366075
2270035604
2924581172
2970349546
1262724265
1903291464
2335173745
3347592575
102943325
3710588843
315766939
2959453383
2872046682
487824890
14724701
3034709188
2889400727
2974797785
3334419021
207738263
2863244199
2931628565
3147424219
1951556592
1591885303
2759628275
3141184947
3290447038
3398711662
3173190910
2752139559
3213985437
970868149
2792952928
1731788978
3397782136
2954531037
2249929216
2879855495
1531089372
710481967
2865646348
45906658
4040366759
235598722
2917214082
554883878
586520761
2822166889
3888907239
3340610459
2608963326
2924695557
2909291777
3307951035
2350484638
3384503999
3664749862
3310958062
3290324386
2882910316
263712007
3396111257
440287878
3414557620
406430925
2843434083
1940407772
3372849377
3293202963
2752408251
2172355335
443724726
2841760834
2411475835
3127864928
55194671
2194868495
2955170950
2896520806
1413326023
3293890288
2863851153
3186724877
2780174868
2908905711
2978787585
1320614408
3000408144
1558213693
3362774799
3131125475
3200008883
1509992983
2281084213
3070819275
2977849707
173427997
2823177507
500938873
837179010
2761796750
3233452509
843272394
2470572145
3169237413
4104980127
4092669197
51727090
4135737045
3299681901
495416482
2994916701
2353322722
2966314906
3225227843
1361223031
368442074
2896963529
3226877026
723718970
2751795976
166664243
573597528
2997775815
3178123270
2933297290
2549570593
2578631669
3092448898
3371629263
3027869847
2967801274
3788149697
2856670335
1705519760
2883995187
2750134164
3152666369
2324375360
620289265
48146203
2905222036
3362900543
2209438899
2828872195
3194857702
590729440
1643052714
464222549
1600395872
432727656
2939035930
2539447650
2148059453
2408567038
2955415804
2889254601
2606766735
1325288713
2543832883
3428312949
3945480622
2154565612
2985415817
3425657633
3094661056
2483771660
3010032736
2924354642
2951701181
128677234
2577245268
2995522720
2688140972
3749881581
103836560
3948061371
2558425907
3060293905
916815440
2864294475
2425830708
2871138028
132140863
2957257006
2817316027
3089232154
418706088
2260261197
2865037074
635306123
596738383
2831687594
1292484199
3289038756
3325574789
2710878519
3431672771
3346979867
2977329178
3366227139
3356820579
626517778
3239005318
3019502259
2341100097
3127014569
421396390
3817780481
3070741767
574709886
2716474218
840165992
3366339347
2861143967
3698790557
2558867389
3120663381
3731248227
2887654169
3789796587
3115874975
2234566517
541793382
2200501337
2940976349
3097167789
3367694134
464890202
2813917684
2829486439
931680403
591609054
3167435795
95069052
3026948447
3043002194
812584490
824793674
2748265864
2766327432
2984077096
127462226
2196045702
3369515381
4082947517
3964394368
1401563966
630813106
3257487003
86499138
2946286426
3897206691
1186507946
3092520639
491348082
3596745795
2814874484
2718830480
189048990
2310332022
3314683967
3970247535
2736421815
2162134072
3369906257
3762828797
3292433474
2981925701
3152699499
143050150
2408297038
3525891215
57618736
455926117
330235853
1611329479
3082399234
735860094
1364237425
2795151236
3030917920
3126020729
536334461
3246321999
2787634290
3085207544
1944825168
3344662114
2516273273
2992603403
3070670986
3437340465
1120506798
2682761053
2857675864
2990485138
3426259215
2972645279
1640436822
3279900844
2889337414
2926508758
2848368861
4149804274
3055228348
3232006582
2981352983
2994500086
2150523655
56407687
3937581869
3345246995
2994765185
634556814
2912444653
2927490089
2345369634
2277314207
2840692709
3358458009
2864071024
3631035437
1630427622
3455853016
4105630180
2910566675
921238027
1169949096
455741010
2870398534
2775286847
3063840111
2941781721
2892065429
38156191
3092629115
3189658743
2894524539
3436890765
3348124096
2889224260
3239437313
69337464
365127691
3079504240
3297865972
3288306099
2758757814
471138010
962961709
3396004871
3080011161
173665593
3094575405
2874431164
2856515871
3352318481
3293485564
2182789555
3795642017
2837427533
21646898
1857734028
2946707950
1366412215
2809617032
3179387441
3434025855
2823512818
2959335112
2929774193
161673068
2232901932
107076845
2742016278
3213995163
3012566250
313991916
2967506907
3084381041
2902198972
3337526205
2230495823
3393903556
2568723015
2533472007
2866129258
2792624311
3173234409
3215926054
2762101598
350892437
3052140712
2837470102
2737989718
2899901566
2972939122
1299422450
3397684911
823178227
2558925872
3296211825
2964371770
3086718579
2902320131
704960093
3091610583
2990564567
3392130238
3388900883
593245698
1219741754
225560410
2986160752
1293304130
1300557187
249552919
3396309095
3130738251
3123045558
507706032
2906228362
1769565084
3115443881
2300981126
3064143033
2979607839
871950510
726129193
2745444677
3372518823
598978315
2845075927
2958165124
2282378921
1090570478
1142592380
3003047889
4015087475
3300258515
74496990
1571436175
50675414
3110092791
2916361601
475176987
3100301271
2884592958
3092683426
3034978954
3233017107
3331691092
3304509496
2453764916
4018415656
2853365765
3230550988
3400695088
3903333802
3114950932
3018574629
3198782933
2985340907
2941137718
3145391092
2623925854
967619785
3425858741
1462087165
378533502
3077052689
3425545199
3342484192
2814665760
3330642345
3129580894
264688924
1974292694
3141642167
2438546879
1613799294
3296572462
1596587953
130832785
552645223
570103535
2704937712
1579603981
3301322219
2968389724
2945743757
612699212
2731634139
2809900099
2817550538
2936795302
103312591
1876718173
287743682
233218621
2771520377
3824119047
3610472416
3131219157
2741547045
2687978447
2757393526
3311791204
3428870968
1304535824
3369811595
3130569196
2938861864
2955629320
2779417820
2676377484
3293364317
4151344516
1426560786
3114080273
2203316098
3014261103
27463447
2756079052
2942013046
405930813
387100149
319312539
2943618538
922902594
2942891843
3299095211
1052555240
2524987483
3078720106
2860206947
2999776891
3024672153
4002329303
3294401891
3436040021
345912802
2282145636
43177717
3131542007
3022092735
2983910026
3685876282
3147404512
3423840197
3357073799
1537084434
2935444505
3290438931
1883543172
2837216001
2949450137
3570724275
2881132390
2590141266
2923756985
2935876161
3299109989
3816272177
4123661248
2763587700
3069400845
2844308578
3145791119
3248478431
882186481
3862360348
1048905313
3157636703
2807737851
470981733
711613252
2816631225
3075020435
2759683575
4107824053
596794459
3071272395
2967916881
490716479
3187432276
2913071782
761677268
3202192883
574035300
1333697690
2910792910
3091376957
702034953
2999874589
1176444468
3033049013
2533981451
3372229323
2819188125
2935746772
364157974
2222009745
2504799541
3446938397
2967797813
1495616876
2595945868
2549778121
3355415440
837195330
2829333519
3035601617
2969547947
3010364068
1310864588
3384958851
2757988996
3364771180
3742208596
1876733737
2843725683
2884065033
3407085989
3225916131
2768711837
3001783552
2767796533
3131702836
444254968
93008106
3949811842
1284223027
3073138353
2182131259
2165297383
1071864164
2194297169
2785316607
3229020586
2872990020
3814694488
25065504
2888280226
2901164242
3400079655
2885473060
3423858963
4132947736
2490132878
2949925756
1015812973
1342188512
2816577071
1618931636
2184612926
2272006674
3111137470
184594491
2971473347
2801979992
3294311578
2968304067
1131933594
574457983
3124133182
1329927528
3928513233
3124432565
1949465095
3415254238
2877643133
2359429346
2780140801
190787759
1404587282
3684285977
3081583089
3037761651
2521929352
2383509944
3032364411
2903890108
984728306
2520871112
2800467443
275144080
3025619303
2376675859
1442266800
2427023273
526452600
1149097172
3304515622
3294562065
3425610610
739183680
2906983173
2816040850
707692656
2901904435
2924682932
2254283739
3153427845
2868111917
2954653642
1315103424
3336496744
2769308973
3388692771
1354942368
2797250555
2953550734
3058104725
408083750
2851182148
3091415375
3323165542
3311722335
1431001844
437603073
632400507
3131635780
2338437152
111322998
2820530137
3376099852
3044481706
3057512303
2863611809
2841321256
256630410
1148735167
3202121111
1941803767
461284091
3429731507
2844891185
2980503621
3090315663
594740279
50598297
203213066
3070290401
2350799606
3308122647
3770312537
2355271928
2886178083
2864343551
3236421100
3011800041
3151288529
2543086343
3386347337
274395866
3827631203
1437803394
2303319152
3382634067
1710354457
1408537724
1593041809
3510909197
2758217727
2793751529
489538989
2973157353
3086324781
3337498227
1636729933
171240750
2805298468
2759619021
3309865660
2194942171
2901598976
3220659860
3042457960
2978319339
457749223
912662912
2831977933
3357421972
1288199690
2911480611
2968299065
807211952
2736965279
2803776643
2921381351
2891826617
3091881221
145997861
3244755233
15733085
3661404736
2998436897
3080466179
2317982577
3296610213
921411182
3036416968
2786091414
2611852766
1307663641
3989175627
2885669579
2819997064
3044647019
2182126143
4025143516
2781336287
333884673
2783980035
3298367627
2825208752
2872697897
3044821011
2713964852
1562584424
1256848376
2919659170
3326714117
2779578738
2806110298
2243134341
2570852806
3033668974
1596578029
3097639469
1015175330
1401484081
295806620
3260525961
3176566395
517336879
1664497602
2937297196
3295581969
3434473330
1870336904
2361349949
1072109708
568462841
339765777
2166178771
2277778252
1893101436
1863169968
3123859942
2850895680
2859994461
2871544698
1642682498
2950703295
61725624
3026320558
2790280093
3231699226
3039178647
2954431727
2919878146
3003131817
2918294021
3053974456
2462919696
3405729562
1581330174
1930365974
3119219962
1123129483
2304110452
3106866514
3123175612
230127616
3406750761
2170080008
3218499693
3191636590
887462334
3019520619
3246437806
1102032600
3852978856
4025748856
2307043710
23042684
1931934728
2783886045
1574839574
2832137965
3906391226
2861295376
1886325950
2822495129
1456980900
3817904386
1860080730
23449364
452436588
2896469704
2919470991
3238353533
2712891626
2979886211
2158749505
3409289452
2978264405
2741862759
449980844
3427567054
105440058
2333316148
1106966726
2868004929
3114465052
2182055374
3051481324
2805399661
2715008053
2951329895
3335283093
47318870
3132947612
2523888440
2798771829
3709522223
1031649812
2910799827
3034230311
2171995313
3303531789
3244731275
2933819843
3026516055
1551559135
3117820348
3020248667
1090141086
3366516089
2915953673
2948894307
2565382499
3607257950
2874831827
3254707317
2900771462
3418103781
2179176117
2817981854
2317052460
3318737897
4143204454
2964994576
3801486141
4024402101
2738866349
3337451159
327239385
3207752115
1295259092
407981099
2816867582
1721721054
912800310
2908442675
2936721981
2269392534
256193573
3000903273
3423698025
487377510
2887818490
3374647864
2844952008
3402984982
2823222515
2720065376
156176124
2711628517
2813747831
877723058
348311649
588301023
3323730376
2935620785
2980335675
3239999487
1879929619
1064539836
2767377568
2854180227
1520473369
3033515044
1555975460
3108737993
2701040875
2994696773
3298499518
1950011905
1438064312
3058903078
1417546766
3981479807
2944201587
250972993
318003319
601322142
261774703
2968295416
3040401257
2281872762
3741909573
85587570
144446184
3152656756
3000951333
71322395
3024936645
2757139510
3331470586
3258119434
2966650444
2871194242
1205406324
262807699
3029995224
738784904
760144052
3289284473
2881320993
3435242735
2332438710
228344116
2883945063
2300206422
260446466
2848664967
2736306328
211295057
2875035324
1419757994
3678755122
2869794117
3907421237
2810700351
631437499
114275752
3863799676
61998443
3360687251
2530250593
3062792687
2856640702
3152398252
19126459
3137235886
3073691964
3047037435
2298179831
3358606281
420652933
2982242109
3220772428
4055031423
2865447352
464512851
483338957
2971275899
2840468578
3043260598
3066051052
3010329094
414556167
1519958456
338905394
2792471887
2987671155
986690977
2984762451
3294128008
90476826
426931551
3347554138
2826282943
1495105712
3381771633
3110361533
3600403215
2785038082
3586987696
2993000049
3695984422
1863755058
3290423267
2941569797
2831120597
3308699973
2976850169
2788710765
2155846078
2972750427
3089582205
2346843986
253672274
2929580411
18118245
2367297672
3317689997
437148087
1197563330
2821674988
2896725130
352358033
20428726
2789202132
2895202954
2847206104
2867881466
2796562098
621848222
3930095188
3027858965
2951467690
1348849110
3549023063
3042917359
1231355850
2677270112
3304551388
3280397547
623938766
387948514
2657340370
3039498064
3117228075
2355304608
2711504209
2885388058
266650124
3435631859
1431105619
3066056248
3039484924
3226017845
2806980725
3254669992
195464700
362067573
4004928197
2903761497
1041843901
580793006
2786349818
3429815229
3939987268
3377476061
3092639219
2714783778
813615512
2694543423
2283776757
3323575503
2297466259
3438841499
3068132638
3131327655
3002224636
3027513608
240135589
319524335
1098217736
3031297363
2909201782
3256239905
2500696220
819625045
426896504
3613911563
3351210868
2861666560
4107057555
3304039582
2919644763
3303709167
554160392
2824138851
2855149588
2834635078
2922791692
3225043571
3126095561
3504343456
3143522139
2532031920
3684589756
2911182460
3000029753
50770355
2932758962
2799968586
2403350641
707096609
2235438970
3313907020
105624823
16474014
3049630433
2454292293
3906415951
2949361125
2858951518
2937596195
570825797
1687985347
3092229239
4076740101
2901984834
1598782993
471819339
2901785510
2718082362
1395107832
2943751125
2974609210
22597568
2711670128
468823107
495818296
3064366666
66806780
431252353
2729575536
4143253701
2891234966
2576531244
2953407047
3044529322
2151196503
3826129983
2252698437
3159233770
610082511
3053566920
2987057877
20753870
204356242
860292877
3318514197
3431317881
2760717159
450658452
2937250199
4046927176
1142776225
2794716135
2927204824
2711595158
238259278
1876870626
2883763608
3064864978
2335510249
2920215291
3023037909
3173117015
2823984031
2919136300
882538591
3760355602
3257350241
2676481292
2362476289
3988747515
2991915154
2436519964
1071837631
487506733
2468251835
2783672396
2907711881
1420429704
2918521745
2767190380
3193618173
1897995997
275787429
2864536472
2934548986
2994270305
2539091864
3994581496
2975014995
3698074703
3364962070
2908865661
170722501
2938653285
2687827933
3005367017
4076415857
2889508089
2582888376
3905314220
2943813429
142623390
1362734298
2527705119
3177632987
2938381480
2962119801
2826775507
1887084307
234192951
3243119297
2870474620
3398662685
3053802543
2166307250
3424588732
3310624671
2791845166
3422310561
2301719591
3114476289
3937611321
2248710781
2734183119
3314136068
169111647
2858503167
198399243
1940691638
460352486
2825088399
533497805
2328769466
525230994
1203707370
1461881882
276155871
4003044387
2838207029
4030466301
204872446
2745296824
3291664107
2716553982
2937467842
3190030335
4062654699
15662277
4002554657
364157008
2819363019
2906269380
2917697135
2752599818
2950170053
2476813805
2746859524
3054081757
3367822157
3339667019
2186224584
991783782
4033841014
3244789547
3247429421
3299002323
3721650435
225861113
3332019934
2778709837
3281355185
2987636873
3092415298
3027091832
3222049222
3126852382
2796456811
3331729553
2979591676
992635652
2719983152
2733033445
3372939418
1861265827
3033586006
1099987778
2797739888
3371533119
2877990305
2669805740
538747081
2910500105
3103862219
2761745318
3612923177
1436066000
2905846551
2834893654
1620573690
617497572
2918492399
2886727613
457679159
2461088582
3018337953
2932958675
3305846525
3905159736
2979752764
3432964702
3182695365
148739909
3032396979
2948735368
2251668814
581920678
1321047055
623147817
2909175567
2837101367
2960619197
3066053572
2890936660
3711235281
2451101298
2738291314
4002670695
3023942344
3198218008
2811846883
23349176
23734430
1183347979
3183298239
2810914864
3359696649
2890933720
2893002909
1033207806
2946344361
2904647278
545649263
3629675236
253946761
3137923883
3378566267
3372534767
2881401815
2791683018
1443749438
2943700095
2321722333
295800436
3552395717
410121192
2836066457
114015464
2803650390
3044659241
2519305701
3067638730
3130550151
3235177618
2844461088
36067566
3032389402
937721131
2814864541
2965004529
3753235275
2912232432
2411450604
1273204585
2938920970
2954782378
620980343
3793726156
3038821425
2782137750
260422979
2462732393
3296469910
2958037714
916224074
2920523276
2827583033
2858330225
2994263272
2999509540
2896324048
2884766523
215774575
3030534370
3297133794
1004682764
2940059103
312591379
2737982745
1078024806
3186822376
2862463395
3673529895
925059012
2870764624
3355259902
2827299736
2799603946
3355739357
3225226637
804643208
2192160746
2925060467
51113450
556742070
3051208718
1265001529
714086502
3310304205
2919066372
870089834
2874406371
406190123
2905195696
2922391102
2874861941
2806348037
3929670892
3207716181
2902916579
2861059269
3435601755
3143008259
2737935975
3945759437
3140741901
2921284099
2214422079
366630579
3118105691
2822695103
3172906157
2900547960
3544901182
2830150999
3407737978
2978322651
28513412
3336702681
2923645354
2892423610
3077625473
3053767341
2902513843
2351378383
2964550365
42824206
2489522610
4092738015
2183410399
1230568687
3052916817
3402356140
561284320
3416051235
3216675447
132846152
486522086
1290743136
338377932
1400435558
2972170229
336476425
593648129
2808311557
2889781361
263927525
3025320958
1547785950
2979964931
388422258
2396507717
3092624319
3868342521
22822409
1930928275
3380030553
4070122439
2623791491
2888397245
780660908
211796250
593006387
1521815335
2531216772
2774790789
2284139431
1236814669
3896739885
2784345512
1471797672
4137831323
601808628
3153416811
103981974
219702735
3115500035
2468973607
3010044796
2186516100
2971944513
357446001
3091743303
1624206655
1435969321
512427721
2873905955
462974633
3292386708
879921138
909867319
123413696
3321772665
1483181192
2987191078
256591152
3145752064
390238060
473238899
2903799227
478157988
2690288839
3035034632
2177771313
126701524
246172790
2822598364
3377437893
257674758
2960602559
2212347116
2736543027
2330078280
348360819
1256946948
2278352927
1305610213
3004202998
1071293012
2937206679
2766431657
186764481
3296350749
2888960614
191786235
2851889110
3986199669
2535406724
1082321305
128972070
434442285
1440755684
2890455593
3493850075
3206989396
2665724144
3001417884
289251219
2862907697
2795939803
943806522
3009649359
161990952
4152075232
41451314
3804095015
19917280
238637103
599156834
2954523082
2872479671
3295162806
3746670316
1403226949
3003814816
3195710002
3663500837
131468855
787833912
2807620684
2242123260
2454409238
3043055031
279964333
2882017252
3143931815
1252241226
2742292191
3717957015
3006456255
280552891
87332504
2927146000
255419444
2807484961
2935920316
998979949
3977653186
397413580
3823139003
2417411672
3521435955
2943754462
3392216669
3205197459
2785177019
2881594877
1541912875
2546376740
2764957888
4133382298
2932958381
2738929834
3256850457
3881667845
191527604
785728825
2959925351
2715273310
2761819419
3311820815
941265960
2806393654
3083498546
3121041741
3290314871
3010343860
2912642940
4100042722
2972129602
1042281896
554539011
2315453929
3056359349
3379269521
2351875838
2942473739
3420838432
3127507071
3384741203
1954213796
3415280711
2810235639
3350620559
1424690216
747673046
2814918619
3399897605
955285008
52386046
3221830487
2162168523
3081466514
1676659884
1146471289
2918083344
3547101406
2998838075
1212556092
3394095237
2886669304
2794700309
41660004
2797776416
2902101299
3559916843
2942076647
2835169191
3295726628
2804311339
3383428210
3032140138
590599922
3050521138
2532036602
426895291
2781922981
2163440559
2911407748
2720802065
226000428
3342527199
813206424
2810381836
4092179848
466685318
217511448
2902080819
275001729
2788300466
2154370405
2982309629
2932946943
2958755842
3648404058
3115066131
2835164236
316304247
3026768480
963909710
2867863133
2336901457
2255167758
3324952894
2903506420
4056349133
3380341638
2907049306
2198154497
135763707
2861346091
3147464133
3417972021
2716360364
3118813943
2817214357
3247758827
3100369683
3266586333
2876444890
2782707814
3068144950
2885670773
2241125462
2789610373
60267413
3016939683
2885767719
3231606279
3086649002
2207724156
3883339996
4150074951
523659705
3229421326
3835355188
447069847
489210299
3351992339
9739592
3407071150
1868438310
2692278103
2785910204
1893381008
1900490286
2953495133
563922343
288974021
258323419
291628272
815616764
628663171
3051244051
2719212252
2994254362
1007653130
2923939607
2946395027
2887267055
1513248494
2980896202
3381981665
3298533611
2399486991
3342951185
2715530952
627280526
318072419
2865506965
3297844630
3248704607
841340972
3360273189
2897640963
881942035
471148454
3295863764
3376015931
3027017022
3338673777
3155926091
1399747561
381568043
3419726763
2881724769
2998275886
3052807131
3816048862
338499946
1238883206
3378495184
3018551277
3844673871
2454383324
1332946370
2954484249
1527616154
2301760132
2885148499
3049713194
2714012856
4110082025
2846361513
2350905057
2858415291
2911133735
2906156639
2978615008
2855204548
3077693009
3026932955
40207744
2773944046
3014195320
3123860628
2959047376
439189700
3049295282
2881453677
3313545226
3311808089
218154541
2151543259
3375515608
2217557549
2378390512
81900039
575506126
2794035477
3091966071
2940896453
2799902282
1257186068
270659992
2985386705
3086858703
2819698977
465855618
2782484046
1969570520
3374725347
3232790715
2465995022
2727450185
636321131
2207372753
910766684
2358035251
1737575084
2586906433
2982373887
3240342832
3045123800
571116781
3055766910
757293523
491435703
2986495443
1030317672
3298338827
3912428735
1914338270
3092623918
446318222
3382733386
2676553655
2913929512
2960036793
3375918484
3104735877
3042247408
3066180118
3331048216
3304617785
1203340866
2481957920
2944155556
3368819123
2870420549
148806136
2255122339
3783156256
496536085
2992218029
2960780943
1334938981
3076740663
3025002117
4134707633
99254219
536294515
3407308985
2777039971
3292975384
901816159
2294113050
2761503837
3227778088
2736728866
1142225454
214621083
1909349653
4089219826
3955549671
2922593308
2787001641
459216745
3039422848
2811688753
2899488136
3267832559
3092506612
2391125984
2906831244
2916030779
1705149445
2489996383
2669412134
3349726851
571589192
2335200236
3141009813
156939463
2879201385
2788516297
2212159710
121446878
2990937023
1651398156
203508303
894295813
1327299901
3296134953
2960041473
176054572
3037509167
1964287921
2733222005
2771463915
3295598426
957415010
2995508363
1644611838
2828451064
1302651834
4103590756
2896182771
2977776065
2445305510
3036202510
194949493
3642753803
2797978118
2968057217
3304541333
192588262
505747204
3186973311
2369287969
3356325862
1920991926
3094580507
3012220696
4107675801
2982750377
3066012255
2426338978
438185095
3362964946
1164057402
2960863637
52471883
2934598881
1533325530
3071105488
3193623611
2996760221
2759590023
3086369199
2921947504
260547170
1207665475
2201894624
386733064
211660981
2847827733
3418433055
3034359646
3006154852
2871976860
2431875345
2824423287
2922641255
3313980424
3263248673
2882524211
3183410782
3045985394
372187875
3703893256
3235985697
3418533881
2715203502
84680738
1636161367
3978028875
280376517
3231704440
2823750269
1334012816
267579171
3303227164
15412902
2921826443
2715404478
3078230759
4025666765
3200790809
3303110615
2848831042
2310440097
2982218601
2884374051
527443716
2212999363
3119050803
3263050378
2916035980
2844869429
3253914863
2735892580
486910062
189809773
3125362316
2982432904
2909203157
2250734200
2969746918
3387917579
2943704625
3306942333
491484655
3108271582
2706490390
2763609974
2923273727
110950259
3677913503
2822513861
539079181
2188040372
1137020023
3901446263
3295158132
637179820
1572943374
255341657
2908933259
349223279
2905992471
35535988
3556017015
1449821948
627836851
1280833190
451420561
2571464370
3260440533
1720232263
2919887409
3304508555
3030375437
3297011170
2842093048
629376451
2939992061
3294333940
3042237129
2343158970
3628566316
1864426398
3248930440
2935901825
3039938938
4148526015
2999502352
1158104143
3438573755
3231102719
2530032607
3319161891
2953865249
1030926138
3227863653
437354800
3233354213
2844263555
518438928
126289905
1035453301
3028627541
2956081702
2823055421
2924887695
2946434026
2906154221
34226091
3154662592
2985700383
3601403176
3389764467
4026356620
3092589633
2997641248
3043541969
237692997
3157506231
2162979907
920542465
2315562783
1635410016
3389225560
2786547018
3709434797
3226617093
3134290460
3262173310
2938636157
2836593665
2759038235
2222081807
3306734128
3064732864
1055765383
381434247
2977804534
2892651922
2211340994
2912393766
3241788023
3109667319
3045392483
3053049181
219438801
2939838395
2157461153
214595168
3126027076
441218973
3122562765
3427512815
3208444749
3193408113
3398859472
2963906601
396655241
498948745
3295868002
22748905
477091893
2509634726
2843860547
4063605801
2845374184
2427845325
3184137311
3197498099
524849872
2992248363
3579596957
2884931038
2748221338
532469814
2999784441
2900703754
1682940570
3226062105
3254658753
3079076309
474688715
2855238869
335973936
2744610696
1105866710
3037623125
3039491289
3320545558
4069465359
2171317833
1119849320
2811346654
2829115001
3256749244
3304822239
2893672763
3145184283
2872690799
444527269
1860306031
2223264340
104679776
2628769090
276082474
213431439
300987153
1368546961
2943715179
2709409399
2845890339
2783570465
2703580300
4144503255
2920115037
309477212
2802353306
890412398
118607800
2973337036
829396200
3401096003
73153272
618679997
564964176
568556188
1456788643
3142921576
1325325823
550486270
2998492540
429300491
2984447608
795531878
3433257496
2912373748
2835458283
2899578335
2227184139
2941229277
593747653
813223680
3194220657
2583802513
3068358839
274648171
600084542
1666471981
3020737918
637316316
3322902893
3363853445
2850782480
3095820953
3289287653
3224740732
3013296575
3123730761
114233102
1943454253
4070631011
2279469644
3677057974
2924680615
2788703073
3119660919
3173798805
146387329
4099282204
2976302200
2972838183
1354140968
4104221585
2998504024
3306950141
4025852259
3351590649
600173278
3346722549
2805981698
1737471840
174160093
2857473639
2900356227
3677408847
2268921774
570748561
2256073379
921671934
2846669439
4102404077
2785863162
2903819206
3303993407
1379159630
2312879877
482467059
3384052978
2917803159
3416990151
3122440299
2467825837
2934946161
3025577464
2764885635
91542067
2867467379
2802206593
3395238892
2814604555
2981776456
84081717
2952942351
473372243
1423869164
3315636399
446628688
3911410647
1970853420
631883197
2600455656
3428656414
3883552227
3083888692
3433832267
2989780077
2903799321
2176372028
2265941019
2680505443
2853326879
32344000
603901360
424287556
3198864748
292778329
3304518874
2859135899
413076967
2847066298
458655857
1924167732
4113372071
2971670746
2740767346
2312532315
938722856
4128393509
533377226
2817224154
880710806
2786689248
2879375021
3483346894
4040352585
28387968
3970720936
2775351339
25257075
2992744354
482057586
2999749919
15154889
3367325615
330366546
81318688
472420287
2783687389
2912621134
2730353015
2958017452
234907650
15467468
3595846696
2376057505
229191701
3027030940
1571209332
2849352461
3826807599
2872727854
2368552027
2963252831
4005831111
1070886234
3606251848
1585386848
266205589
2359500593
2888945337
1050052442
3007922770
189216425
3000189199
1303291135
3222556748
2797791647
3301935605
2508343980
3428790964
1052761302
2933365521
3222064942
3338051937
547427933
2807292263
2987131234
148273332
3092479613
3311716241
3309648615
2982987184
165341249
3291067331
2833636606
3770676687
273061638
3391922140
3046320759
2496970451
3996002183
238205600
2437018196
2892512375
486841802
4047894748
3241745669
1429944283
3116155823
2888072993
2836544146
2827269917
278414663
3131778071
1454691282
3853975061
809265169
3386970503
68952245
4002554847
2883334595
3996052761
2832602590
1254259004
3400487884
2273639682
74780487
2248705511
1937778835
2156912688
307499488
720635186
3050306884
134058849
821207742
2372361587
3198338693
3337744019
2909505491
3121391680
710700775
2960956829
421189988
2301865224
2984141375
65454639
3214558036
3307384072
165740155
712258374
3383470007
3319008923
2899059268
1236469706
3289876438
3110126644
3022567178
1278308299
218417451
2444634640
115170126
3247244117
2940551945
2395263097
3092293313
2301333586
3312376372
3083903686
3139571458
534214134
3261104013
112978387
2898391102
492547382
3398706970
794866561
2822313977
2889070989
2981852698
717715854
2744669493
2195690411
421751609
2735974847
404438597
2397302001
2783879786
4097954745
2903789349
3536165363
287844502
62797456
2903960937
3104162531
3359003290
3058986238
2867554953
268693538
2478967941
706257292
262818446
444488737
3288157539
3567119776
2742096783
48322852
1637614674
2823299806
1320250100
3346175363
2821389779
2688357030
2733211753
3129051622
2907468317
3570503657
231442558
3119356456
3436431047
3132410946
3126669071
408338104
3084579897
42650429
2250674043
112797401
1613654844
2339931306
3302801127
2979327575
2171863502
3221614091
3424789768
2875212568
211195259
3076699875
2723789539
1134639756
524360419
3354803595
301015693
273584262
2680635270
1036929510
2979812057
481130747
3096227548
140427112
2877086800
3157877980
2907207761
3003182937
3385500017
529513912
1339635301
1195260446
2529787394
3012671517
3017339039
2948822901
3393976335
2808154883
492058480
225355468
2470102822
414605131
2711675544
2297988688
2337560866
1379133392
83027407
1009062115
1628508024
2875634255
2822510355
2781969029
4034946975
2157413054
394573996
1101670022
1708148318
1379385997
2748256661
261224796
3240716101
401541098
2578974481
2847061587
3130782551
407073945
2955733607
2726438988
1270509625
2955956596
3589899675
3864480803
2450064717
3300759969
53338074
2955478623
393453090
2739050163
229491524
2970701032
223589924
113960396
2265919832
2887402823
2161162927
2887678557
2200803111
2883395315
2668560013
2788304623
1077583736
3030585420
3079951698
3428773336
444539267
810432356
2979639209
3075824968
2789888917
3032439790
2908420337
387602150
2987686606
3091823062
2625339340
2957265647
2894566198
2810967589
458538732
3233408469
1344500161
3056696903
3127236861
237379234
302539236
2846692535
2869200125
3018777729
2956013277
2829458920
2700542055
2827466358
2161208359
348574052
3322566376
3063445048
338265840
1291065254
103828632
1326656568
2972866828
2966518089
3244485821
2688438717
3954973089
3386984709
488297364
2968287149
467599322
614465898
2340115244
2983101310
1321070942
512183652
3338767893
2774247093
2910455145
408678931
3313601638
2845001931
2791750264
439986635
2837448533
2968650789
890628552
945283664
2738423056
389664403
3293576894
1415942107
473341564
3320849236
3118239405
46284299
2727442638
3675107897
4114477221
372781022
3135059613
2781813344
3206003519
2933784022
156370640
2531542747
2942957860
1224684402
2971030533
3329948038
2435847833
424528680
2341548141
2910246243
2583706519
3377746209
396617209
3114600689
443572471
1357648297
2804171228
77864091
2895244366
2782743779
1651160941
242842067
446436282
193699257
2865451014
2842579341
3020180859
2960928299
2914357594
316684411
2244359823
2827729254
715686462
2563888746
3214753006
1875763644
3344107750
3242451622
948214962
2788758113
3323740389
2453961117
2962656081
45415313
2723435216
3320657056
252483474
3404242343
3114428711
3835008807
3817371983
3307936053
3403130405
1312333309
828589681
2801998297
1509793502
3052453795
3388114697
263215491
3666054927
709385147
1069069002
3290248142
3395682255
3438838587
3421134604
3300908519
2996674641
3182632341
3252521823
1399372392
3297156112
3347750769
3041584617
2235063872
522578367
2409505701
3570711077
2954389995
3077910099
544107014
2394723412
3010683834
3059061773
2373622113
2999828871
2736381929
49404662
2864677715
3402851121
1607991307
882023953
2942988952
834283986
1275505626
2859201628
144830480
3010326123
2267229923
4092417514
2180583748
2871059698
3042471946
821177630
2589674659
3046799529
3850892793
3495317302
2906053691
2989496499
3290952169
2396432516
3011723284
337088799
3121371604
3389381685
4121874280
150656567
188711085
2886589853
2641829921
1392999433
3786033495
3377932587
4089353297
2984507913
3315165963
2770331061
2915008517
2901749591
2842511883
2957579037
405056279
3574517416
3435597508
2954580999
927701594
4028084428
3117785363
2803067009
79578060
3118161759
2742741971
2624309920
3247710826
2742881632
2359387597
2931655366
2979466941
519359531
2853032788
2892347632
3069388667
3384549797
2918632847
2884677065
3218435908
2750803973
2949836535
1732971116
2512806278
3304267420
2945854745
3218694503
3036765622
1172015780
3040624552
2685183957
1224705210
3231615099
3120913702
2814548087
3346319903
1090504370
3148878437
1411044445
3119417009
2814781554
108721336
1074607879
3064761555
2808951363
3109911652
3005287469
2767094096
2772127168
2911284686
2953458479
116641364
3019854664
2290177662
216734731
2255500104
3065951333
2217983241
2968865782
594462182
1396543638
2965760866
2975236571
1014717516
1387626889
2868313732
2234200898
157610826
2335901475
3739601896
3120789014
1558424178
2936103569
1474420560
332810605
3196955781
3065650685
454277105
3036451006
1112626561
3345783496
2212768251
218619685
3483839235
2893732726
3313052897
3402700347
3971562022
2858643046
2737076631
3426064475
1863164594
4008240137
2898053296
3821073617
479617486
2581040823
2817716516
3226416226
2874168904
2737023118
3324869206
2733211109
1420241149
3290074163
1134044784
2883897207
2919060546
3385650531
2213717199
130090858
3307850625
3108898281
3435252803
3935222953
2821781496
2851048197
1691183437
2218310433
3105714983
3307954643
2366701386
3331012625
3313183757
2665491241
4126345515
2736049168
2872509130
1288567620
1204281625
3001824370
1266857258
3309165238
2684373678
2942172670
2946285688
3926051381
1185791833
2902818741
3107496483
2494068014
1677952100
2656509841
3250679206
3322805704
2172594045
1493850056
449724660
222092741
2338061890
2864630657
222584890
862547605
2924880431
1465474243
1661312089
2874091032
2919345255
3393979511
2772146158
946340438
724102968
2980738219
3159033006
310130054
2948938115
3297575643
3099078773
432924596
377549417
3303781499
2934818255
1324721300
2745783549
3385707683
3288057958
3068723662
3411269260
1852275048
2813115472
268368186
3115306869
3399948329
1860355488
2741605277
3409931127
4040646675
2818915133
3312825910
2863215665
3000183874
3617663837
2871381850
1647347714
255647062
3253246779
3395062301
3235941796
1020317071
14590799
3185093363
1046053974
3296649357
1891863576
2650714987
2711031790
2952451990
2909783475
2865614949
2274934359
68108656
2763389663
3217371167
3645672495
1904771821
3422995659
3242330806
2933988489
2912674534
3512818576
2909770185
2715993257
3240996183
3492048981
2873533977
1543042920
3306822797
2166403795
2841946414
2900993283
61006854
3006623555
2744213266
2760190156
2836960809
2747766970
2468118933
507237000
3022766038
3369228689
769267675
1866857767
2466636179
157616805
2974382134
3861906982
2596747088
3430152831
2932843509
2841187437
3336819837
2751530574
3180173775
254457141
3686551636
2993005677
2170382130
857621136
2778426620
2875299561
2916372492
1861257486
3633873735
2568745006
2884894545
3559852522
430252853
545695146
85929651
227411343
2938115715
2256107980
1720001450
3320331717
3311145729
2238752046
3424980903
3343770819
309632603
50444931
2462018519
121823951
27199219
2844281577
3459527717
3079816384
2854887687
2980867636
3864017243
1538348724
2979763941
419932386
261334891
183692394
3050799270
1972219940
606116684
3374613095
1527513739
2394106460
3318853853
3043290616
3367615373
2912613478
3949237815
2878468024
3155568953
2932599845
1262044200
2706897827
4140148888
2911217457
3256516978
3130607123
1710723170
3845680221
312853745
3252362537
3322014320
2809686120
1122989702
3993838395
3089352939
3353339944
3385949975
3349120923
1469183905
2382095190
3096445594
3977798482
2959990559
1354494504
2172460919
2745650093
2406550153
2737728537
1459182194
439905036
2822155902
2942234356
2587950776
2354702300
3307220847
2874801790
936062298
2846495366
3242138865
2612555751
2817490087
3907093279
2987764960
472299532
3020270267
3135134145
40298585
2251875591
476905175
2755178243
2904229917
3435570777
1707312612
2940641074
3068525265
2567411645
2453624233
2972925365
2942439575
1144456567
716605195
561370276
3688974509
3069421809
3341481184
3307201137
2181750447
1893641106
3019613945
3052663798
2214694992
2804993544
2715791289
2967863133
2993870950
2997916559
791656100
3990303586
2548175942
3985720463
2998028373
3021486657
471263223
3329009920
3017558075
2271586014
3131365359
2219101639
2777533011
3211568464
502189836
298926048
3204843789
3524403676
2801344522
2859303832
3421724092
49279910
434268229
3767915175
3150490575
3298709546
73248160
54888172
3114065200
2815572764
4149156257
2739854063
2939315511
3492125913
2228825914
1912395031
954101318
3884045111
2956022163
3051978327
14746865
2883381706
2577074983
3091777589
3366292611
2821942237
4074332427
2952070737
3078261490
3310101208
3029917658
3039936940
2890715505
2767737491
2786147989
2772556029
3369677422
3026221775
774500323
579878160
3044552427
3130647424
3082730907
2709721238
551689544
3327959651
3001862386
3133996468
1106826282
317843094
3697615457
950284242
3409076014
2948968365
2861314568
3008000770
3417528178
2792029542
2797644202
94044161
3466654641
398542826
1453873843
2712196777
1325346330
3091555540
3311644527
2935612918
518418915
360129306
2293994421
376169290
2954395377
982320530
2955475732
2448106636
3006814763
304816094
2563862532
3032439107
3115556939
118995487
3852465857
2864567468
1591834466
3305837849
3005499725
3977082735
2884114145
2853499163
2916090651
81910151
3018315592
2792684915
3365890151
2808193319
3351658810
3225062363
2796207851
2808827499
1001779938
3001081468
3816854915
2922994139
3238310062
180821240
908793014
3002788233
2859269602
2942181544
2957087740
2208818711
3433441731
1483295911
719911598
21863425
3211846546
2865850055
3923670437
2871382139
4149037636
3226221653
2539104678
1496268090
2921536241
1599041684
2576479184
3984353687
3261880270
3131072447
1969134913
3091765499
2956734641
2340345925
3079020622
2183962285
2865423028
786887232
2781000367
3089854091
3123719039
1099320216
438419713
2934984641
2915826339
2738030715
3387798749
2760499582
3928564696
2843116144
1392365660
2906409712
1125678350
2771586659
3395274051
2982494026
2807200999
3441060737
3004075918
472851462
3031076367
606353818
2834957362
3023070371
2929679170
3060087051
1313892734
2559220087
947318844
2882191319
3228255807
452127556
130275626
2830055386
3976556476
2884774378
189639427
3304468011
2296237665
317336606
1475535282
2950916967
3026401259
3392938067
2912639703
392226486
167904574
1451475542
3885108916
398992003
408652061
2883003358
466694976
3398853843
2862148505
79162506
2888335900
518333644
3018012880
1946579604
3448240035
1530282698
3157010495
3664930215
2951782487
3086072951
2869215827
2813538422
858561230
2980475662
2843909950
1440389821
436702375
2967659271
3364380533
2973404457
1670754590
3992397149
3411867963
2361339470
3926603295
370194017
2859613513
2287624294
1584314714
2900213193
3319157605
2596106043
509029258
3244547535
476197415
24143166
126580100
2826814471
2909760213
2865331048
3081826277
2862229426
3298290387
2735419576
2992850949
2883910181
3243781491
428626481
2529742082
2299882614
3121341178
4120692149
3027937737
320426038
1294260799
1593045337
2973541241
2429947848
2964436703
572509617
2939339085
3126647365
3305450529
3478569262
476782490
263651895
2772130347
3057424006
529760010
2860730512
3312834897
2920768779
207790989
2736681466
127021382
52680367
715747214
276943908
2653364093
3314690937
2577471798
3180826294
3130954415
3093546249
3064036593
3048273975
3309558363
3095736059
2894859195
3115770221
462719395
3305364999
1420418258
2781636093
537593706
2897151561
3139996411
3224771679
3031359131
2780119738
2986379799
1855092408
2792792653
2937390743
1515892987
575524267
3347234163
53354355
2781780609
3084263620
2692879604
626315501
2912409813
3421911863
2757078382
342651940
3422646011
2853582231
3773446408
2965544799
379684084
3223791388
3312988697
3241000977
3429022025
2158760640
897732812
2981030391
2728070140
306590724
3305913813
3297765209
2723890784
329532683
3909374410
1262629536
3092530919
3381253809
757705898
3376088044
2809721512
102490790
65173718
3436985187
2151354960
2895045545
3431597621
1371601506
4113322101
1971707299
2295747180
225743229
3657042375
99269696
3241628789
2908963439
125432555
2956949548
4112991033
2732193831
21286819
3942113543
50935196
453291273
1095066721
2870594732
186737793
2566675551
434965915
3334653453
19142033
2813288934
3434605053
817848470
3041293036
2288755101
1131826170
3266401794
35838393
840011720
1528677870
2907795593
3643132642
4029578547
3436465791
2848773147
3349233827
1487989044
937975506
2653885336
2778144030
1676118144
3160076187
3000711790
836425915
3324205463
3501910702
2905173597
3088383692
3160924719
2842519779
2689976928
786695785
3956263888
3663062596
3390791638
3312184011
3183344241
3012550708
108292132
2983155063
2597738529
3196174300
2875605701
3590605823
2941365292
3310758178
3121876624
4050418635
3374056589
3384551813
3864322059
3105336561
3304597061
1386636589
2968096703
2860646512
2934554667
410594683
2737157074
326908419
2978408302
2426368367
292530120
2758505657
2402878025
4094252181
3018448930
1325072221
3320952004
3292809505
2288984135
2531060352
625535543
3021521069
631251557
3078398923
2875675746
1241005874
2920034529
246146284
2656307222
3170729921
1468046226
242914088
2421841376
2849885434
2871652244
3352786319
342997681
3374564075
2816345691
875453874
2874721610
3201523564
3994954277
2828910490
3247648955
1714924057
209187882
329525692
3251138391
2307312703
795616970
2351731630
4032231263
2940693153
369466442
3010783733
3004043013
2608791987
521206359
3438127727
3751136596
4031520995
1499667582
3368635600
2969764817
3742224945
3337649201
3246498832
3770296577
3337475033
1361459028
1665428899
223413723
3773454863
2701854618
2637219549
3134533733
1229404147
370828453
2923430709
3224061317
3339090993
3428550802
623943083
2982461259
2958466649
814250599
2735410329
2973824033
2715030727
2911996150
2793978080
1631037096
2149928667
335213866
193386703
1685356345
3342120395
3357169924
2893987205
3082035333
245763830
14606739
3678601583
3981927089
3391595111
3136054769
176137963
2889075051
2700637272
1860385242
99711607
2190536218
3148832925
2449690976
2945720212
435858623
285092467
745670762
970787443
4062485687
2921866893
2867720199
2938253055
1859670762
2971290971
3393841455
3388861805
2512788811
446814883
246784555
3412054372
198959722
3297029529
434166675
1927362301
124790478
825879852
3292740010
2785656726
3014922819
399055369
3198790084
1642761205
3092623605
2973407877
3365723225
3401087159
3058275475
1160890280
2821555531
2316693103
2202829052
3295751950
3384112011
2864054482
3370667793
3369700942
1666059320
2741987103
2219145689
3094392125
3379273246
2957081583
2802859936
2965031890
3296087384
2908858323
2851093786
3063897303
372461551
3233959785
2826704010
160870685
714626403
3337670327
2815859883
474086145
3070729354
3139776919
1436322068
535877961
3092671564
4096722173
222061101
3023621902
1593451471
3438877925
2969466167
3136639569
2967428643
497204643
2945946519
3547842796
2886625805
531128847
2198209512
3212112472
938769187
3771082995
3223917101
2789123343
2499376418
2879710895
2449656565
2558290611
2408047451
2214441973
1381704487
2817971639
3131348038
285476671
2934170902
3379068059
2534221461
3311283117
2875372999
2845603743
281719937
2250156793
1074549432
97785990
617053409
2211232898
2973246718
2943612777
377827577
3339335943
3129695926
2983942666
2800333850
2748349097
3300648868
2816875837
1630304839
842385342
2896343801
3888770853
3012017373
2971876828
886021723
2741498338
3289168382
437634096
2204681617
893447407
1746105624
3111022048
334578846
3067912865
2901495129
3183453413
2996006782
473891327
1108747724
3430501751
3121686371
2940859643
3198363381
3091815015
2941608395
3325445121
1040440862
3292902010
2290112752
858484842
200137377
2782260822
3378575314
3117884489
1588955288
3155564645
2961550684
2950880740
2854495942
2940936088
378018054
3538234696
2967724511
3207882514
47991463
2862294322
1605760140
3346752149
2586436030
2212247474
925807020
2738508700
2848773142
1474562539
634468701
2976711191
341483487
2667165539
1020396361
2807814154
3253375995
2809069894
3956326901
2839322830
2974850801
2908240991
734818261
2940599349
840618014
2864855955
2914739779
3172836645
297378511
2876556489
2307988662
3151702199
932515428
2312338864
488672632
3794040701
2546120215
1581435205
392301368
2979401020
2211396156
3970511051
2924433076
2807694416
2952685667
1600287451
2802352124
3298866290
2886702555
2488467590
2733625107
4147807805
2936745688
3097670589
2464454437
2510359065
3342896613
2304763038
94413203
275599801
603964522
1358272046
548485654
2843909998
1345444321
566293317
3304765151
3434238569
2816480285
419377927
3346490530
2314478967
364228854
3068492013
3060588047
2815167600
2787991154
1397932872
2863798785
3138859400
3248980319
2816685100
813636895
3410605305
3490641449
2998706039
803122790
3288853353
3311330668
3044653738
4133596756
3008492577
964998919
544039385
2787488192
3038169833
2950746616
94782485
3243533122
2971796589
2960066547
3294705601
3919170815
2912897195
163039423
631224570
4121022508
1096117260
2330310836
2953220391
2929399445
2368380503
3341715647
3411190468
148461806
3243979437
2891777882
2980707160
331044910
2866120297
108892825
2239399788
341611220
2956317808
3379490020
3012235719
823522146
3424237703
103960092
321557630
949633884
3431254263
126205101
2983755936
2991712918
3323252056
3160581905
1481894336
399485896
2331992855
2342656896
1879007617
1161115357
3401497971
3825979156
2963739040
2999829393
2160779936
2358563429
2898184773
2935979056
3825686733
719044678
1114620368
3296293018
3067596856
2653006873
2763021208
2269003579
3030889660
1578682789
3980655983
1899591728
2732491385
4069928362
2167140753
1071678589
3239168109
3919997003
3403276163
3305616413
3400509250
3047945369
1515875204
97914931
56441170
2925158973
2961088151
2846701228
55822486
375709446
2882647869
3043392318
3956688676
3451616475
18631806
3334780701
3092338967
2471545182
3313991645
2836390049
3599104517
2879974947
2829981305
3504603382
3039072603
2825107977
175361513
1286831419
2776091190
3049660625
1901616006
2738641438
3207920993
2721057077
3424927468
1367603358
3520270097
295834965
2685374832
3436043969
3435986393
2994652144
2189398019
3433800513
2863961542
2488694916
2613961910
3231719656
2980970237
3050751388
3086777873
2865723342
2736207976
3430416023
2404553247
820311284
3293400128
2744560726
2737329208
2780122125
1491281827
3292502028
1729325420
3265826746
2719290512
59150002
3899308767
4015816877
32193826
1862963365
3345471593
2167133534
336986513
707893561
3636481223
2282596236
3044877711
3350342747
802668463
2737606037
3860762661
3074869245
3098743041
3949046607
3372561136
3018928175
835916629
4136264009
3002091242
3023886179
3343942738
2882957297
566352113
72628852
3109965929
2809935937
424829364
2277747978
3021286499
3297021549
1659761881
2775083716
2399896137
2953558367
1722518023
1665155366
3244735331
3979704676
1292617471
34245868
1127178013
2975494479
476373649
2925207899
2914950997
2907888659
2427630242
4126357815
2738071282
535244267
3159174583
3208592044
2765637971
3098840009
1256771467
3011078285
823032128
3243119980
427787953
3067341045
3198242901
3431901227
3000203980
2821557345
576877379
3402658234
939645726
3277771298
2850075864
1914652892
3260796226
2971247992
2971387625
986724488
433180740
3396304295
1095064428
2326456761
2979657760
4144894319
1863591139
75025820
2788129488
220484777
2597883465
90733672
55227897
2881092766
3337470807
3893810657
3028093289
286643558
2711571792
2879629372
2933181053
119910608
40320135
1009863853
2863482466
802597189
3332601184
1300201872
322476376
3130560825
3305674805
3234187858
3299759734
3300821829
3311828483
1108830925
2868800969
2820432298
154418024
3217888359
281040211
486617914
74262128
3417286697
356346592
3129957850
242680560
1967336221
3104513734
3098381377
2279367222
2211333272
2893015761
3598491442
888825132
2733459339
763247370
1851084877
3068459944
101073237
2292434231
3351619977
3623264055
2974259525
3231161331
4044087076
2831304657
2288970573
2487230061
2568538146
62283850
2849490243
3567495375
391457803
3342901444
19174722
823044631
3928574914
2933015722
3841341435
81048646
331644025
3039651221
2501423819
2883882231
2992250098
3245928321
1732886305
539416698
3123035591
2301283813
2741441064
630537156
2763978217
3305831289
3349390252
2737072498
218482436
3045358676
2840233791
106112376
2973259780
2789139820
3116264956
2902167064
3082324684
2676245900
1921161582
3827142255
1868556962
3408620764
701716614
320399379
2288451220
3072026014
609491385
2939637315
3242115867
3345262948
264629847
2785099858
2738788179
520763005
2787410240
2887890807
1947310884
2878048283
3149012175
2977949637
3341523177
2823242045
2814661655
2911179130
2315917942
2907010246
3254534248
461345479
4078425496
1217390726
3947593097
547152147
866163296
2983917297
2940099267
1196201672
3615152955
1683895700
348675874
3080529534
3384174339
2612354146
2921239977
2675625225
2175057471
1914334086
2554383118
477103959
3484497435
2873618536
2980984570
2898555549
3012382637
288362599
2976794883
2960143491
3092776797
1387089115
2776857573
3289679302
2743639666
3324552700
2922679742
1643168058
2999259490
3314013789
2868299638
3003987736
2917480056
2886239710
417273459
2864577203
3072615706
3318542296
2815402704
3372585759
3317720595
2987646929
460003871
2929228576
2991866919
1975356924
2994798455
3511024457
1610108568
926176266
365255757
2724449976
538367472
1338748268
2966355915
1104539888
2870608295
2931770008
1312540237
3697561576
3047214332
1463252024
2425676835
4063868715
4141453841
2997720215
3036636005
1160900743
2945165728
2878377654
514150063
2822301771
2579873092
398859140
3074881378
3238869070
2972784699
521574399
3168663795
589438847
2785335298
1107030590
389686055
109218544
2864108488
153858297
2773797983
2904863309
2909400651
2991889331
3101041714
583859997
3882463341
2471576576
219588665
2353849471
3230209515
1322854740
3900224775
3092940899
4098331161
3314524864
3395868082
2788516439
467420357
2367344658
2736506909
539129501
2935499555
3306982671
2901369224
3347887923
2692533895
2898953476
207400685
955037694
1957611926
2851241864
3253787295
2979711353
1444309135
2718604849
1013820631
81784668
2915551743
3360897473
1252067376
826275667
1704735181
2364781845
3126655421
1551236168
3042381994
2204500583
2737545346
3299779275
2950955091
1381797073
2762563166
2821340806
481201878
951667752
4078294643
2281891295
915475452
3032254479
1334701094
3408441255
3160641953
2872827382
3393307199
2931599044
1737093680
2917506189
3001589386
2342205685
3959547977
2891994412
3228231897
2763949276
3419730502
2807691650
3091741011
2746164076
1342003122
880462244
2805456554
1922974698
2911339684
3359143347
3137435796
317655777
3155713164
2851852882
3186504915
2742865343
2891796765
546282674
1396414574
1151149652
3296334303
3323910165
953384880
378560144
3207799072
3348567849
2535193428
37951119
3298843108
1267338301
1394500627
3127061800
4113785357
2905550411
3632846417
3077382953
2390511655
3006052197
243318995
3403373817
3380570998
1477056103
3141135443
349158665
3607099935
563733092
2744756147
4067497887
3292486176
3303140957
2951542521
1077731472
2257322308
20323733
2802349549
2909213176
3091716735
2970250325
2969780116
3709133477
3430222228
3103403884
2898999257
254174875
3531737895
316437742
1732142244
3022024713
3003978818
2716639704
1647217958
2359501097
544135331
3177304810
2741875816
233514482
3013035490
2817944138
548639501
2980849647
2808110310
3478314076
2842666623
2760005227
3226883819
1603980241
2931907805
1095651456
261653898
3989506217
3291527140
1953278395
3457626556
70357691
1257511074
850625292
2896240083
3996127528
2676044439
2793737196
245935301
3303842675
3450641182
3057136551
3288892097
46604387
619111991
2970090028
379401790
3279000750
1319378036
3872588405
3024805972
3168033023
732509173
3044530167
3186983711
1339747560
3222623617
3427780115
3038882801
2781614933
3115097998
583573209
2951977227
3032904898
3862671735
2358337110
2860749239
2790636606
2220435852
512433362
2924542099
4075402463
390599154
2813870086
1513658372
814559143
2194738369
2236569200
1292460372
2980788141
4067223255
3140872900
153350957
2978693308
2680688527
3130631487
49280632
2249785265
3623798417
2997820677
710738769
2941790351
2545159156
2889490493
326698622
2792143638
533375352
2992389585
2896111269
2529641250
568895489
385395820
2902741391
1282990250
2919965896
3107524191
2966380553
2826608236
2880121979
3041230859
3178235295
3064300096
3293696595
1939073478
3424799920
514785945
3252609269
2823140278
2481715038
3019469525
2841953121
2805249409
3003060856
15535640
3102127587
2215645679
1600545474
3693495737
3309478432
3325086083
387093546
3021971217
2394587037
2717852016
35926317
2829393429
3134830697
2932755228
2489759318
123626197
2921840229
3235900985
63130133
2857627923
2834863949
2481473393
2392696916
1459210122
3326562867
2831630818
3313453325
89988160
3098604556
3382000839
103588248
946588190
2810680917
20430458
3087729977
1904928955
2809153459
1021454599
3590090127
1416277808
3403218951
4068610223
2160454635
3088502249
509142764
2959404201
2937136791
2169797308
2426950400
2968256505
2876643503
134024004
3040712662
3027164744
2978111121
3079254034
20673406
3314528560
243266685
47018080
3081897194
3019409309
2744414738
2849794575
3390803471
3688128677
3246655570
3376416946
3239358245
3068441639
1644686214
2904035284
3317483945
3022799003
2535722145
2164794805
2637611371
2949567383
2214345990
970661294
1377457454
2866543293
3127083425
3104039229
3008394813
3698508322
2851078690
3360601985
2214702796
595542568
3047775400
479330957
1410907056
2847941193
2875787524
309549655
48781709
2596532749
2846572357
2564439592
2327116891
3750455549
3432536500
2286594436
2806387498
2809197634
3135068986
17738351
2841783609
2775382025
1359171847
1207033860
3246348071
2227646579
3431524924
2845049642
2787070727
2190940071
3110083301
2279270447
1418142613
3304663383
2250855162
2936755145
3207562000
1201825296
2247716652
2644675515
2535196139
3239998251
2904173235
3028408892
3176530259
