237376748
176498026
4285792948
127512810
2784251947
131325361
4324185263
2786786577
320247319
3822895083
211283690
716546323
953019116
782927660
2847201634
401387043
2860063053
4048631769
3302975656
188745083
137013938
2276087492
4117971545
1574788766
4038487036
248361119
812936095
72249190
3069918395
231079479
17581608
632950161
343519539
3987939929
2469304064
378458045
3084203583
200440500
312084943
318965947
219636302
3653292563
3376883577
3033200964
3428007213
579742672
95957241
21323242
159123282
3376574878
2785763463
3396124535
2994081346
344045244
3429633760
167326899
3099230117
3395088879
3386253987
454814763
3424068423
15071251
2164864605
29193016
3342421205
3401106268
191802344
89770109
3380237195
293487553
3400080970
2801269638
2761038501
3296617963
309667693
2463238743
2978233702
29974782
620738651
200063274
2457805076
1712207029
381542625
2460243156
2788160582
1673564336
2822257386
3165123292
3327433769
501910251
851821987
3321290771
44566636
3308034443
267071582
2168415098
123278212
3191209978
1326383635
84680298
3088492065
122369511
84281810
1310650333
3291223671
1279930591
633644808
1274335164
3255864797
3246367318
395514046
108762618
2884075925
3232939731
3205479419
338856550
574410830
3101376695
166076497
68183705
1153857356
398630844
88264563
1519688996
2153159365
3126283611
3125668827
2863266892
2572746350
3110574412
280703568
151613101
1346197376
3089134473
243985250
3092721886
36006781
3081383045
453932478
490588317
237324728
40920915
905978197
3055843685
957180482
612491258
2372108209
567349341
232464819
3042087880
494995334
628205126
328152823
843518533
3021197183
98377018
3012916816
2778536881
438359309
862850354
742787684
624668875
417744238
63477018
219589160
1565400547
2778421162
2996578850
2572966488
297356236
2415757230
1151164148
17869939
128589404
2984007929
37644289
54286722
1927733846
2365553511
2529643256
2929277433
2927828577
2721845384
2926874123
36134909
2760639722
2925028509
2894604215
92621119
448855476
2220023376
455693498
82309496
2907543879
1485142518
2901070733
590138071
2765799347
2389117190
2761173437
158859407
2798442445
372870935
2226265975
29469860
2863934379
371308389
2863591799
582469103
394910967
195007168
25296597
1524267823
453312126
60899591
20661854
331221863
172267642
24893309
529664031
236972449
1704060241
2824866628
2808885305
2167133149
1525435705
2797778752
49599932
35163480
1549122354
1076696923
1363704918
121673206
60253556
234949561
2547798680
2472958476
401316840
118156733
2709528793
2737317797
2714562086
184733376
70614430
757293523
2728022441
418134738
546282674
123688008
22623628
2722716328
1545975518
958154509
17775392
116680415
271359459
78106861
1515608060
410598654
2653419404
960400472
329863183
164184258
713176853
2605069771
2245973064
488435492
2351689033
2432101723
591223217
64751847
2568849872
385425026
84357855
14770715
878874156
36626604
78290323
577204437
413970527
2491762464
599627113
952426950
2263447800
1194939397
197347189
101504249
468557242
1495332240
629978975
1262801766
166699855
117090831
1851281233
263589826
2413837759
2208969222
14962695
517840124
14091491
66328689
628405304
41620892
559460160
2361199429
2294832566
218352067
319551424
1277191843
125380164
1923588066
588918236
640303
948142675
80502727
135499288
185615610
1436764754
393960191
70357593
90380142
1139566832
100247562
280396830
1286085085
945389016
70917822
2240805516
19283160
397529135
1880453612
2221394431
331572174
604756568
106519072
235570792
93322512
424082054
209128924
377346860
1667570970
96102973
1077641646
545239953
43344254
51800365
1507339100
1187240990
1387422079
871668284
52342770
1872101563
1871626850
249090301
125591640
953369432
275498172
1725265842
236895300
145809355
39217042
16380045
206813682
931278253
1608876264
432648940
115319963
115963874
217980205
1335978703
1522231843
1012187935
1545907100
1111979654
1454405300
391886143
883990184
77838294
185366820
177117090
51123771
1243673053
1127467212
1021772935
321842247
56679187
434707476
1364737717
1361766840
623147817
224192644
992625168
472207422
56664098
275182338
277252778
1315246560
47740277
1304076266
47722095
598524117
576422023
572654367
14341540
429864056
36336318
34200741
1193354413
153790401
16416440
108322652
1159972536
1112732959
219041714
523709415
381952576
477462961
273848749
250028190
587572747
192954741
183202719
479413843
330828191
474779455
12937832
16361572
144113962
160500756
63491867
26047667
942053492
304406546
555822416
736485164
634419954
182760916
316320860
11815132
417391535
588938297
46477383
757442852
40071239
906382573
281512721
336382829
22830584
230150643
162775331
483712355
294218991
135908256
459538626
15402923
14604556
301315897
376758491
98359658
