43996140
4233063515
1475410532
4402261463
371960204
36031864
372393144
929173058
2282007003
122237437
26833164
250864941
1091746110
2995567666
2880994399
738898788
3246050835
572756565
51088056
447196554
2918358832
193604339
874336194
91963607
155561837
190690048
1361723136
140545480
68484909
119488006
317197078
4227042873
203034929
44583378
2474747131
4137523099
115319963
395514046
3195544865
3434200625
3302941851
33696729
2600363214
19389317
209264951
603960304
871396087
3003429131
1436764754
2922632093
2490204349
329682361
3297733832
387195422
4046290103
4202322833
1149047790
614686695
2733981997
304285429
1579641798
347245823
31358667
19020949
327372266
211283690
87415707
919084608
3052167941
6259362
86025183
69054504
1225168040
4170607901
227358393
29193016
4166139737
504676098
2653419404
488435492
78290323
61974746
141164574
60934391
98377018
2239091730
293487553
2978233702
401927931
594427832
82857156
2826689791
2846466952
2936913905
1900221505
373606930
2212978859
28512827
2920218520
236357999
361726024
546282674
17393008
3012916816
2769296811
3000049473
2982355996
921244812
307870392
15700069
156739191
54286722
87903484
29306310
154491934
3356658513
462874193
130951910
39201500
330828191
1454138167
68984947
256011843
2529643256
