43996140
1092273055
2653419404
3302941851
3003429131
4170607901
504676098
2936913905
4117971545
146209443
393329565
3172444258
15158072
17393008
2872585708
2369350368
234061730
2284174706
82325892
50081206
181151477
3374020696
82857156
3351724175
69054504
2426665987
3312887201
169895834
150016984
204888681
1478024311
6651272
2929074432
742747086
2411287379
2813085991
211752663
3065676480
18428762
54286722
373606930
372393144
30433454
216301003
2846466952
3007587285
39699705
52811891
98377018
3012916816
2328912477
2529643256
307870392
36042820
1900221505
99293198
2769296811
240060782
86025183
3001098609
2860135534
156739191
239955417
377605237
38193643
