61609299
4044053907
4362336148
2385409104
3239328118
2474747131
158310078
16629293
4181313454
100587174
2529643256
4137278718
23204207
4125829149
499784223
176498026
771160178
386137990
12682162
297622895
146798831
512421625
1490165774
73320476
3774248505
14451834
3751794915
1372403665
594783352
2959145890
624668875
337327007
60726305
2700914013
271066169
47286280
2481585133
1310645233
33991847
449665349
166653291
508638525
3390450580
2821259909
1969649942
3003465735
20081347
3117596931
3351724175
326049872
462707196
357099442
15557534
198791375
3000049473
39767625
146485661
19341224
3290409873
938732318
392152617
77764823
243295960
1517275267
216301003
41674718
14587986
