69054504
1666723778
590172612
347960592
4242397989
3274984388
2846466952
140545480
2360693046
953019116
64263589
4170607901
261146557
117498798
4117971545
265921576
30036640
1354339675
537338880
600372551
236450873
2416336010
3572973565
240402223
180750707
329682361
408453883
2922827808
3096806638
3682674195
23184708
3656603181
827642088
2880994399
30198714
514403500
2155887911
3487968333
3487968807
2394311786
312094985
82325892
132551046
3370597565
3335248810
306074408
3026613723
17121931
485058927
352327966
834184646
171868092
858178741
432034452
2282007003
172267642
3098387285
3000049473
54286722
85523548
132160274
19387080
158859407
20750135
3012916816
2182275265
3008536823
296229381
98377018
1713719311
12398502
186853093
312236875
2978293247
50720005
552783742
2529643256
325692183
2927120662
708875107
603960304
1319260884
2589666576
145211350
1524267823
2653419404
397911887
336463555
21801420
98941071
1164150451
1439230952
515892727
2785915964
2769919290
1166635447
43872410
769053121
1934017628
2689657147
125380164
614686695
388762586
277252778
924947546
2576679745
22406101
62550604
227434518
86081332
2543039280
2374470265
2408603591
2217831
1599337242
15288236
176498026
19882659
39086711
232254615
2209772299
2253825254
802821770
1536821576
125682638
2415876902
47471910
14685223
14808731
2381941648
2353172288
174008878
80502727
26833164
185615610
221744780
15432850
84299217
532354690
1386384372
93322512
75211153
381647842
135908256
87803132
248320347
190746057
1687925761
531105620
17393008
141528486
11014912
15830011
1900221505
220058348
154956262
277974043
523443589
162018151
124203680
1318121412
236357999
154491934
304309007
86025183
367020438
27967364
1190549478
1608550226
1588098774
1588067557
167078211
1579641798
515494101
68815492
14567705
1483059523
127512810
1377026718
504676098
100081046
996076164
130951910
115763572
226540267
1021772935
81152609
523709415
85421689
1394040235
179483317
473748710
971612408
567082252
372393144
61974746
72053030
304285429
1187536236
725619684
272915212
403305976
1098392653
1055853402
99293198
489816101
789370092
14978848
278081483
430750524
15527565
15700069
31391483
270775692
95454935
373606930
917102474
884426094
82857156
804724819
91963607
87658906
633346836
295264071
13885552
586461387
224642103
576910489
462874193
420205159
623147817
616395040
229062047
36316930
42966433
23107680
361726024
39201500
