3395088879
259755950
2360693046
1354339675
3806829502
2922827808
2182180253
3198593373
3465748877
2800086781
3587352141
3607778655
3607787357
353665861
157108663
375383242
3370597565
756549637
3107456493
232254615
171868092
3092260065
132160274
158859407
3033011980
3014020564
3008536823
312236875
2924707239
179554022
373606930
2876294351
1524267823
397911887
2505033325
2416336010
2769919290
2653419404
2361052693
2609406848
85421689
2263447800
2470777838
2381941648
332253146
2250427921
774472987
93322512
304281559
135908256
169895834
584696464
2150594808
237246976
15830011
1900221505
277974043
236357999
1608550226
220058348
1483059523
1021772935
523709415
1394040235
229062047
103238340
623147817
54286722
14230035
250563555
15173918
403305976
725619684
485726038
226540267
804724819
118410318
1004457576
82857156
31391483
789370092
945443918
545886115
420205159
863223050
87658906
35699378
224642103
826867837
806693832
586461387
64263589
19387080
462874193
605408933
594682659
43872410
567367330
460409898
196120339
531092033
14493360
522019182
373266209
300705478
306076718
424082054
201864919
39201500
361726024
36316930
394115086
29193016
42966433
211861120
277252778
147871159
20374483
80689333
187488882
