4415393897
26941928
58525147
1666723778
3823876455
4340323581
4265501301
347960592
3274984388
4219160495
2846466952
2154432468
18897124
47660537
2716915021
355774396
3389315950
1172451
141153757
2360693046
953019116
289832835
4220873308
70665951
4222451546
46415654
261146557
4185321477
22767147
1439230952
945758030
4170607901
2902434044
325692183
3123963660
4117971545
3572973565
964339122
3785723063
119506691
4016494541
2639695604
3813776355
24182544
3815583137
168136203
236450873
1354339675
301511021
3731505802
2979143499
537338880
543672175
1604276438
3663892516
3033200964
411686746
95957241
3707865857
3703920376
1910838877
600372551
2951100268
15583195
3026764331
12404132
6651272
1882664839
239049532
2490204349
3395088879
3510199095
2994639069
3024197224
3001307025
16816972
46862479
131603256
2306595379
3432859613
344045244
1077288852
3114301461
3410272175
1549997106
3406168702
725562157
534421876
304285429
1151164148
309667693
23058760
3370597565
68678075
2655882661
3326901929
134058849
529448287
1324814954
823323978
3026613723
712391888
3327433769
3064961478
2186832488
961089552
2799467229
3001042389
104593948
3306691541
177110408
3300664887
1267252472
154422040
2411906719
2291881946
165820681
31148048
3028869334
3259997901
352327966
108232814
703510181
64620619
82575882
361603435
229067046
3232939731
3232956250
1570018518
244054860
15724669
326832355
482810548
1355208140
170235234
37905924
2826476965
177189652
551722406
3160082775
19645460
13812842
154956262
88264563
171868092
502710748
2491124832
2860506735
2937931330
172267642
3080086055
3117525003
3093488460
3068094329
3092721886
15157050
3092260065
3091631927
18388065
1274335164
2603587675
2425151742
18263996
794587375
1377650460
39962267
2313614330
3068655731
2251671975
463007646
132160274
2388876222
1292763985
3034042885
248249019
1197112836
232464819
20750135
1959256244
2182275265
3012916816
484611115
2949921075
2249337763
246769692
2974368105
2945807763
69337464
2599530343
204274491
2791575205
2985532697
212005866
158859407
2904865611
1710686066
1381520618
3007194198
326119227
202151035
66619072
100194244
3000049473
924947546
414584474
1713719311
187160412
26994059
87767524
2980850159
2982355996
2814553523
2978293247
605408933
115625173
2207854476
2894280867
491339110
1525069980
552783742
98377018
2529643256
2927120662
2931799367
1427295979
478822637
2937247175
6990242
2924707239
624546337
20762058
39699705
20609725
148385450
2904300749
197347189
2749035252
389935616
2394311786
1858714602
1115445002
2889295282
18898799
22675652
2717691520
23925926
550242970
2784251947
2615299722
2839919152
2876143305
2539671454
1964266009
2870633812
708875107
2669339322
2863591799
1454138167
2589666576
596271873
145211350
1524267823
27388694
2845337319
2717296021
1267445671
217720950
531098020
248687711
354365815
9598612
2821117395
29198427
48693954
2773561811
16647679
1903126442
219328467
70367609
39848672
1315544246
269832202
136722641
2826689791
2755491259
923685254
14400202
304406546
2754465762
21522646
1134999511
140821103
270906967
263629429
632822698
271153456
954409292
28409122
31813315
52342770
535336561
1289440873
327284009
19226659
2598797227
2725566817
2437315033
261646509
230859250
2531981887
2364489846
405043174
769053121
931972026
2728459774
1284640273
806754096
1087252711
461956954
1274396964
269845966
13339612
259649352
10440532
330273186
124827833
162611402
2653419404
2340046932
259689332
2599817478
600315197
2617074572
614686695
25821352
862605476
1178140830
275467781
356744180
61467995
2535457398
1900772995
307360118
562346664
16392208
236077937
2578813338
436773029
153073501
216731170
1697653938
53645681
2373444002
1458821508
124829064
2432101723
172512054
227434518
2560990717
62550604
1666555328
19061533
2389851894
196304162
40264020
1708005330
86081332
230689397
2313782250
2374470265
109594503
138394515
2515036004
595285315
227358393
58784453
2217831
23422925
1248290208
176498026
219149310
63810257
39086711
393329565
17775392
552227958
22614838
378017778
1680624301
398129225
2234310840
130795440
66660865
274422857
1524776732
17365179
1499255731
1022101538
2253825254
397890909
442752214
1536821576
14685223
1600533900
2408603591
40662631
125682638
2224965466
77188744
221332992
2401530060
2394197084
19307758
467463940
2378633827
2374989356
2381941648
17893451
92259869
18162573
18912338
995762642
332253146
301315897
299086363
80502727
2231788602
47018080
1516571330
221744780
718725030
1050142645
337094202
2315508864
15432850
1291949989
187404218
514139322
19354472
150568664
10491732
1289061931
153790401
171530810
26593443
532354690
206813682
14978848
140057034
39201500
399946323
18900557
18899437
26722585
1286085085
15700069
432645980
59209376
24857814
2237930564
394646980
745164217
395514046
297721455
461087419
93322512
2194168583
241878712
84942114
212422834
2212952484
175330999
381647842
135908256
1917275348
1524715291
1234706108
2174049924
173851564
29175662
21042618
709409399
373606930
267704632
20361718
61974746
92591973
32169335
12789832
237246976
1171943936
842496606
1941867096
1212211489
1894242373
265562465
1900221505
19961241
1877978372
11559542
18353715
919084608
978137287
1193354413
230250215
485503673
505814365
1246390200
257147068
87803132
1629846972
1207576423
890935759
403305976
246263761
1615808040
1608550226
52309614
67295312
1579641798
167078211
550052298
1577180498
1569882841
258852495
124203680
1283617100
421104178
90455388
821975904
130502684
1483059523
127512810
1464218485
1304076266
297550521
232316110
628473904
618036145
539287568
1021772935
199579967
1397843400
223102095
179483317
1331328133
1327704217
224642103
1315246560
25120146
278243460
381412494
1010952907
576422023
1228014008
330389786
623147817
1209116706
26833164
183257817
1030746534
1192721700
5429882
1183713877
1181818376
99282473
397911887
54491532
787729501
1171600832
19142033
206058636
468529212
231529813
1068092203
1144025718
208165208
1102006747
965686831
1116644702
1109492654
274395866
135038975
984437743
16402761
121535722
115319963
315595084
213835554
1004457576
1003941420
949756098
789370092
985224920
914556901
330912841
163936360
264707317
17093617
815186256
101251560
59117259
25257947
404911618
709217798
865742414
87658906
64574864
35699378
453906010
192954741
434891439
84299217
523709415
110916461
778254630
70781225
156047088
617025329
522265387
91113074
323271561
611435764
47471910
631969158
631969350
295264071
435131707
529264778
14100533
601907436
462874193
139539280
334722608
255186412
79430854
24754084
588112193
567645612
408538246
570641689
567367330
372875038
537589593
433262548
99293198
277974043
535592693
531105620
257421283
529280611
378105615
521391274
74728802
278081483
520356598
394115086
515000655
500676858
14757865
424082054
189947131
35707033
334271624
201864919
245796339
466381691
460409898
52543001
330828191
361726024
156247258
48757037
36316930
364157974
416506380
48322852
358174534
403965587
256011843
409993196
236357999
154491934
358177406
36327152
2277901
211861120
379717282
277252778
17393008
325427012
17683735
54286722
250162248
123286063
264110519
157616397
260704429
214096809
187488882
235917055
213729695
135131580
136682958
132551046
39958032
15527565
