2932929839
243325151
4017090321
2845045768
3109795762
2787001457
1057536654
2910949791
2534876128
118324020
2989922573
544984915
3430478219
2983247902
77709908
2817643999
595739777
25257177
102488286
3092989077
2953336281
2896927385
3339079653
2992974677
1026405931
1541340889
2884639625
3298409221
3011472231
3079936175
3954580252
2521313445
798640814
1248446460
2515864999
3072947081
536457740
246788216
2832028982
3313813481
2598018127
3257477765
3042556050
2804134317
48651430
3354847042
3089060567
19365734
3053714297
3338557727
1315154748
194112563
1305298596
268297791
51844306
2896971689
517776885
2907580468
3001020345
32877543
3832606533
3092946945
3369866572
523390512
472105797
3027886769
185781256
3372593782
3192308441
929431484
389571764
2929675109
3012637035
2892135173
1244120822
614458016
2875657671
2803876856
174243456
868220790
157622491
3900258087
2902134929
1553054460
2590899627
3331366912
2832338975
3015346420
4128466295
264199993
966576954
2970128951
1009459838
3580075157
3422402068
2283043086
3336242301
1206145238
1691184258
3081817647
2920171072
3065533534
2918476021
3691497556
3833196316
2680458703
3251880466
451544946
3100186059
2960131762
3383131282
3091957647
2555945095
244486960
1615120986
4037651667
3430495456
292504730
2954512187
52353792
2792238106
3105385227
609439107
3061554340
2399486991
3214558036
3418929010
2515170585
3870816574
3668870655
68631033
3088529075
3511516821
507282431
3342901696
2517511555
3302876158
1632140485
2763997719
2993522936
284701446
107343497
2785885518
2271494931
2448052796
3197159242
3164693115
3306979042
3304807095
241368174
2986192708
2998345647
533971406
3501032837
3237247725
3032767655
15895062
3101111579
479572566
2493952387
364824571
2986255199
2972068804
4151519255
2861286318
3347498945
2896147541
3010965694
3008064815
89036202
2968360168
3114402814
2994237791
2936952425
3098589029
29307240
3256452777
1072104709
2430264086
2814270733
2863762481
478029694
3239016935
2401957326
3001347200
2876556489
390689750
3066137404
604522870
2811425397
2440696823
3607613116
2999841908
435070374
3595794857
593005453
2876318013
596317610
2585248729
2558563965
3493888875
3372718911
3055309299
3862598715
243615629
1485113636
610883175
3422266491
2258629498
2981232585
1390320469
3295723611
3003988359
3073279535
3064274267
3153715809
2952761639
3307745327
3323543800
2378542572
280666685
486556801
2306948373
3796271536
2980272736
3469055296
19529893
2537309929
2831496134
2763750778
3891247515
1882070612
2950100332
2836338442
3349335220
2516362252
2542077756
3313907020
1632937244
1890053257
3030704464
2866094853
4194768797
2867324759
2994546155
4137263475
57774712
3027789663
2792014451
501703687
3131159711
182377525
3008844226
3044908588
2234940878
465599086
3343129733
2522895665
3092451095
1442147204
506474577
4185335332
1701093114
1479860660
2827509356
3719284876
2945553609
2850055709
2736987383
171840395
2913772457
1220614946
2874126807
2960063116
2986405137
852800522
133857262
3494462782
114847630
4178207621
3225987964
3209601615
2941512454
2560166519
3899609715
3147427151
2864221648
87078743
3078220259
3235141325
2943550036
64738470
116300837
2448008737
3040703849
615044860
210576771
1200427224
2953884149
123279009
1220658312
2376693797
2230642276
3414765202
2296857772
3035030103
718301365
424465603
2575313275
2888108830
3630591555
4054760543
3279144975
3742836376
2851208627
3544215135
1277258293
3315649864
2995647532
842227418
534503908
951667752
469343625
4192419503
3031480739
3398850803
598184408
1377041299
2229954281
3169700031
2966073653
2990880382
3143697221
3382738833
589865783
3025557447
2782638310
3104657783
3332556357
178278006
3305460243
3937282875
2957322274
318982059
2911689023
762950502
3944091195
1153707492
3387541623
3349999893
3046239770
2972984613
3407225375
3031378468
2813837959
121406214
1637857520
2879571196
3400059712
3182422055
3094975604
3052564430
168563924
2785632508
522077226
554201353
2688230018
2862789663
3981009263
1974328448
4009743201
43274723
2942083091
2954716787
3110126644
246951929
3024276184
3023038409
101794943
3001998038
2926967721
3740457137
388799234
2980966689
2805096145
2732371452
2872265446
190991080
3986835886
2805493974
3989753434
1278735494
2899341081
3390450580
606469502
1606660969
4121644095
4196885860
2689868868
92024210
2740042776
313895719
2992356273
3880633570
2934219561
2434208300
2851892428
3053220311
2961123490
2400194440
98377018
3129806428
2995651425
3236385482
3844033048
3555683476
337658028
2805677774
154933937
3399315687
2829745328
204872858
635991955
43106819
558433629
2917538869
3377032185
3004511536
2950983088
3032140138
180764142
2775929206
2719115493
3405831779
3306243094
3320743133
2421342360
2771307886
2818638438
85814960
2362831825
87903484
86925743
2793266651
3302856101
2592897072
62480474
4097151369
2862598696
2572719682
2806152391
555957799
486004325
2248512874
2847457967
120249607
3844005381
3387138569
2643288291
3303845217
3299539499
3308105857
190564662
3023644846
334244087
3198432821
826148222
2825964085
2851048197
972235374
3017936626
2934559066
3371518588
2720777639
3410678705
1363227498
18022037
2981645091
4028212936
4164192773
3007505447
519940148
3234135569
2953562968
825982927
2980146875
2846390607
613791169
3302003465
2359724354
3530642477
3402543754
3297208171
1134344856
3716047336
3707037317
2860166752
144759283
2939384675
313112257
3085982967
3307283157
2558290611
2935353821
2949079935
3167717159
2864109597
3365590109
180363307
287686442
1441759219
3398891873
264675785
3099186093
2186455209
2833988656
3236958483
2560847321
3341834806
2836975855
2980421813
2934089654
152620387
1855039459
3974872341
1732745682
80556002
472652317
4169291025
3304880290
81863254
3901208003
560953824
4186478020
115675112
176479922
3218792679
406515551
2992861053
4012148834
25485254
203572395
2275318780
2970411851
3648633018
2910611560
2950462996
4107174617
530824132
815513720
845896544
2203107014
556700909
2778743099
2900688507
1260419598
134577591
3238573216
2960623365
2865695698
3036451006
1171434068
2955310775
2987252711
15015305
2821312613
217198658
523150215
2628013919
2905831641
3037987972
2909261577
2974856073
3006035717
2340345925
747150230
91615150
2800491629
95910408
364305409
3027322913
3027249310
313283663
2226794766
4101062428
2206842284
2958147465
2771191641
3091906533
3293961695
3575968997
2917539281
3977277557
3449846242
2256850591
49041573
3432526713
2862237142
2890401911
3104097803
4196607695
23233245
3312396338
3214308975
2713220158
452199421
363819581
2160371131
402745853
3298554659
2942621842
2618270590
2256273700
3126096790
2308545749
3351856955
1484826649
2918121350
3121162360
226918770
2907667817
2967485602
2159596921
1242249678
2644958188
344868453
554588599
2920331078
2980712092
3046697209
1318072453
79116795
800681774
3181681953
317123202
2960310273
1647621402
2973238841
3304816437
2805267634
3571631242
2423819688
347433187
17005237
371723043
2203552919
3229023585
270877740
3128975626
2996465319
2942439575
45835429
1419102752
2287458527
3119320826
3652166297
3872834235
1692075728
2979464037
4098669154
2963739040
3459078316
2990217729
824947819
2290818693
1027005068
2754471101
3301802247
3009901600
2853059056
3240164927
3107184569
80332777
2958537341
3664226715
2783682588
2760153597
3115837546
2900557875
2426133290
2922138934
2900939711
3370390240
3776123895
2815329243
574727483
1698533664
3217866652
4090720773
2864761955
247206591
2999660769
4169496424
3035411459
3056402691
3008153849
1213614223
2831444304
36621722
2202004875
4133287774
83607155
3018170302
3300130631
2910412955
934291802
3082582183
1145504658
357507599
3288057958
807674965
3876506675
2933295995
3321528591
3383560353
2572460233
3119904640
1696842680
2919671935
2585959375
2836984037
3356377655
2935270757
3361048264
3293215301
515412907
3989146179
373036930
1275220249
3372646169
2913799834
2826840063
186219850
1236260826
3047410201
3073180269
1939381645
2786301760
3105565522
3785485935
2948971845
2975283064
3023319208
2861356133
4228847180
4182020901
3131196999
3599208615
3864058577
4156396222
3311955820
2942243820
343061374
3308073269
4177596255
3293430658
3187058201
3413417109
2887265584
2785065826
3234120067
2370592206
300999571
2280066089
2827324295
3127175123
3000901827
3317881725
2817646158
1001489052
2913573862
107390774
2991726124
1076997980
2880533084
3366228419
1649560699
19703050
3482200337
2971638801
2519621565
2214131918
27193809
707827649
2927003811
3405002284
816976394
3928810762
421093034
415595401
1433914387
3314798913
158677415
2167980759
2957184791
2943750971
3623328316
3436928140
2740620478
2839309521
243303643
2996031803
2843593936
3055695674
839254064
3432165479
183621081
3304548083
546875151
3064143033
4201858581
2912517730
2874117508
89046471
2952353368
2816789762
4009637639
3399952041
257080212
3216400085
386538951
17807217
628255731
3089478820
3393958925
2782749546
3405384502
3091814853
2960304747
20355396
2587066881
23045150
3377357524
2975105961
2852729573
2440288033
2876130790
1528594784
1117640923
583191321
2490272467
3291290139
102353442
3060228297
3677024117
1081169923
3405083535
2984570277
3409209725
3005621951
3327705515
3422273212
3306527998
2981655202
2502070235
965862662
123505523
245406746
2911466667
1338621138
2361910403
43500020
425260345
515503811
3254686534
233932416
2990155395
2262943207
823116618
2767374485
3083822926
245934316
3303253036
391183422
4128762447
2916456944
522601446
39216969
2945512967
2917997668
2910750831
3726537015
260860315
3360800212
2324108227
1684058089
1358959688
2827291977
2483373230
3083930819
4084344855
2912435152
3183414315
2777190232
2985648135
2860660937
2958541396
3352967236
924947546
3035487598
3916971933
3202088332
2810797950
1304281842
16070435
2961826126
554513203
2892406547
239818350
3226764304
532354690
329683429
2934480964
533516140
2735227761
2908589686
2823328551
2791350035
2937119217
222635659
2790800811
1476785665
2805962556
4050418635
2905642787
253921012
4163013947
4009080382
3092158829
3079090126
3613686142
2739911554
2495456387
2167928906
2508273841
3087606305
3028263940
3384955247
4022968695
3535445895
821961588
2949228825
2653312451
297271250
334051283
3024696526
3119575096
2891450289
389369481
2712384098
3515990175
3347496777
2567683774
629276339
2924236172
3380024831
2856777185
292966447
3022024713
3353651387
3383899541
2982366502
181174371
3402403401
2885362307
568895489
439267764
3333262528
2854681553
2911867006
3316800867
3349715944
2358912135
2957324866
3028757445
3406175999
4041833597
3796867529
76921189
2923696349
2734388129
3762945076
2960806852
139332429
2299103262
3075728045
3045117293
3873732819
3061977279
286102052
3992595593
2324174482
1472160014
861769200
2925039826
609238122
48464919
2885344605
203025253
2730191365
1278321714
1432383648
2967987988
4228897050
527785961
2973157353
3144302175
3192155459
434268229
2590084554
79141747
717226484
2941334525
2977719892
453828260
3028921186
2950781603
2532958907
1658538762
2462791676
2544185898
1536219936
2964662483
3148463686
936323130
3892658007
3073534950
3401621621
3405011381
3660296832
2276476286
248363733
93839281
2779208464
2278977254
2914207293
3123238611
2838722758
186055435
2849979281
416159408
989675215
1124463757
484104849
2971775145
132594772
2616659855
721014374
3979531643
3008884379
710372912
3332501315
3845596821
560945689
28329016
2327213869
2919667297
3095533797
1256852029
3373898675
462748602
3099215463
2767071921
498384090
2570806630
3087457425
2677997598
2427231422
3749218108
3996458595
1238284340
1194939397
3406904740
514373198
3254392980
3032941439
517354104
2942947725
2279491002
3044880393
28520575
553757374
2280451885
3260544916
2376163798
3698126963
597381655
2794340139
2893769027
2958064793
3370658056
3139896941
3522693136
370332073
297587634
549989118
2798061758
3026223479
3041270873
3076824248
462198020
2716405553
568988002
57356888
4062000299
2736328427
550169396
2858872012
3157877318
2869448723
1863117462
2213416840
222908944
740017068
2815715652
2318461181
2871136539
2655922101
2920328368
2819005626
546213483
2957999745
1588815894
2924452248
3047660408
2349820532
414263755
2180579494
3384217557
2649025458
4157551491
2913674009
133622988
342921367
2322968148
2828180498
33657206
932071434
373283170
1469476296
2650698654
3091402186
3289684841
2231588149
367069150
3257350241
619904773
404062870
526784353
2828860725
1128566870
2284133201
4187224037
2813595124
2934607138
3074482149
2767801636
2198421389
217215723
397414220
3016579509
4073748676
3349510757
3230622820
3587351719
2883839319
580577070
2332078272
3078899001
2933157563
2723433936
2953150312
2978121508
2918103573
600180553
2919547068
3138118613
2224913764
901879002
3304595871
1331362232
3331524262
3303842675
1013951750
3686096955
538061616
3069550385
2996975517
1396609926
2296214711
3996645928
2576664908
3109391417
3220259745
3086893822
589763096
1183723206
2987188667
65963062
391191706
3049876434
175821250
3121917005
96995631
3133605719
264442467
2816936729
2756116473
926120240
4134903333
2958938554
3306154173
544653015
3017788216
2173735472
3372554884
3404304844
280572398
2824676052
2904295192
2166585745
2945654991
377343864
3320997622
2884284155
931481928
401297286
3431614757
2744621687
467485715
2827283289
3308416001
1420599594
2784928800
3064790597
3091783402
3377384836
3511910721
1001482122
2800116539
597527493
134787884
17445822
2880043856
94868125
3624302129
192604851
1462970718
3456467723
211890669
2806569520
3380119588
3251551438
2468118933
2568745006
64231639
245935301
3025096677
3178441486
2797614763
836183017
173451885
1111523352
2882434546
2787792946
2970846929
112763465
1854755791
2975038697
608094468
3056812456
3459458957
1529810280
3084381041
4156146838
2931933045
2978807734
169827155
2512233250
3207891029
2555806451
2911061320
3345476291
2873911890
2863164970
42573872
2721372504
34879611
3268810444
19586831
3677119395
1566527088
3372298715
3294580997
41324587
3003217396
3047811531
3151424548
3256939884
1912044756
3882871697
3101581281
2327094752
3063984694
1685024948
119756313
617910390
2902783798
2919233981
2718895764
395828229
4025299775
4140699137
2371683524
4047034396
2844233650
1545939222
4123609445
492547382
3761408421
20357245
282736908
2576554398
2999509540
2894481249
398307688
2998886782
466625963
14369955
3369427415
2954978638
3228750436
3499783042
295080245
3001280266
2874784508
3002902875
1507061372
3091926297
3116155823
2826468788
1373225582
463348156
2394579921
2913562726
3065979730
1008286009
481086929
304292159
2939198607
3908576554
2565939170
2749139954
3216242029
2264189567
3350100154
2298743066
3563373797
3308141123
1264559449
2913394486
459098615
3031301397
3994467736
3025574397
2958333023
3349166338
597532802
229802374
2563835759
3372318197
3083883149
2488793715
3413015805
2911264709
2563641673
2727519173
3241516625
2958340731
2994965765
3073317233
3395730988
3290446139
2997396987
3946279575
3087445583
1267149110
2497580279
3035713216
2242482889
153902917
4201793543
456903286
322274923
2166069676
2721897326
64649400
2849386097
2960095564
35473984
875844097
85673018
1577180498
2571386335
3127634962
335361815
2161555901
2940676685
2774279698
3007823153
332725754
3930895035
957415010
2235147093
891792410
557639966
2951118021
142325036
2758545844
3779206468
2971107352
3098322124
2939678242
4004709627
3026263324
2986636047
3370884490
2904696502
3612738562
2954528566
2997560439
2215447646
2736138087
2788548949
2756069763
206385907
3263050378
607454901
3385659226
2901634882
2926715571
707042730
888462198
263573602
2326023289
2813732631
3314884271
1870598256
3064953568
269840217
438487475
850589300
3294884538
2425227062
2907638601
38869681
2570290327
2598283299
95937744
3240160217
3111463863
3005113451
3110812653
254513200
3053021518
2871642342
4187787693
3083694329
1408159676
3000311308
3427590591
3081974673
3031243229
2365752019
3732596055
406478142
2436312684
13908642
251562968
18390130
3060264867
3291068831
2858700418
3024433503
3291517744
3032786164
395968759
3291348685
1514132148
3630710232
133360135
3401345039
512482048
616407372
3185225315
3304549528
599905774
2903053037
454276678
595746079
2779148675
2786216602
2893832907
3104356979
2960766016
3296281455
2274692835
3312807153
2819587155
804387798
350858925
2778254207
1260752702
1229523578
3294370896
2403388837
163064788
3245464565
55736543
2946236493
24186225
247330781
2668404995
138926366
356822245
1077214598
3261219043
342290326
48056754
2268949510
2955982229
3004157464
2247319825
237138074
1705177274
2831545668
3271615183
1227461636
2242956515
3380207374
2975356913
196051480
3188123535
3417659571
2930837200
3136897369
1712112888
63796828
3435163534
3270649724
3261880270
2977688164
3905397853
2962450918
4069484962
136682958
3366050129
2915839639
3092067995
260250959
251772937
2301585459
472426769
2915972920
3238735341
1931712409
1941258990
121440147
2858794567
2960991099
3092047972
2501921940
2285993940
3420088132
44434739
27930916
2462229922
2854316817
389298698
3319656076
3142359616
328872067
1364308579
3035322875
4184257701
2818633589
3043360162
2739081267
1009781083
903948624
2315610313
3019243102
2942060429
4198519191
4132034542
3172137153
3175631230
3854065637
4084684521
333604337
3026598167
2791085962
218632487
3261012468
3346013567
3431454688
3430056994
931863336
108987745
2808242033
2195441787
3022690371
2909623833
303135041
1577180911
3547887581
2910795585
630185218
3495319157
3401087159
3398047456
3420086867
412929166
1943741504
3243893805
3295983410
3577608862
3131616460
3372518823
444534732
763736659
635240836
1487695286
1597401889
1875599334
3076890779
1254923618
2666872207
2451312283
1019567570
2917600823
2992913398
256437407
3119330500
2953652320
2418124130
615063266
499089282
3753518355
4173303683
3038468259
437930413
3324718851
3866307315
4021407622
704679055
3002043237
3856202236
98242620
2902103636
3908258506
3056358137
2966455727
3080529534
3127355873
2763752645
782919408
3288526966
2789237338
526556006
2501865927
2915946309
2752694013
2724622352
3113680156
2998904926
225560410
3291706833
3032983737
331724005
1467475644
3036686446
31239860
3346795462
2998883525
2936057918
3813164357
3230664375
2429329342
2839857819
2943760731
197520209
3243459352
26593443
1863755058
3231643799
2718710830
3742919896
2240636114
238204176
2841505395
2938729665
2866307170
2816621327
3363812188
754687459
3019379109
2925567400
4063099283
3091377414
97213200
2716317194
2676491159
2937671817
3253793495
2433669926
2728395383
40263114
270541142
4130700773
602689710
2816632106
2827459223
2966741757
298427183
3325267253
4113383165
4196072483
4193551115
2837078627
554612801
3296214593
2558620650
3238898579
3009553449
3150752099
173769454
3396476725
2966427322
2715946839
1367284422
3465927322
3019621515
3926788389
2397587348
2962193355
915454916
3846081029
3438882491
3006169665
58326909
2920453501
2149004664
4010179395
3292454391
3234900903
4195452891
2984230281
1192558382
2762990521
842758147
2364781845
3311838179
497754703
2703181939
311021535
3337012943
3785229737
471052145
3177593991
368833420
2842566010
2530924208
1305797785
2855547453
18553775
3172694548
319879885
1122450211
3005331441
2749009817
404864199
2831697484
2817494287
3517440315
297858394
3315797517
3114606795
3957997637
3147464133
3087499133
91332610
34017123
2909177152
3382720403
2733159723
80598128
3394370823
3129025132
137668228
4011844629
2960982165
2999678500
3114294497
195768770
2967456569
3003066989
3503602097
389517498
2936304655
2920389915
2960634615
2330065549
2925033615
745948280
3027513608
3424537197
3119564890
2364097712
2326262055
3420213766
1394325853
607726534
2932171149
3807233475
3123208611
48430876
3662222056
958154509
3325515339
3227885992
374408605
3111552431
1937159040
2917369022
2922524114
2882910316
2938082627
2218719687
58587283
1029118927
2785408965
2714568816
2507016264
1128372404
1535037996
235371708
2720697563
3408046167
3305633728
2472334938
1440695886
2793546240
18218479
2293131372
3122236499
351717472
2935707809
3244990623
3064933371
3459577227
19481729
2985199287
39024962
2706732055
3986105140
4194712293
559292119
2876663229
2970194476
152575286
2899041555
51178430
2974409471
2902535391
4018806143
3402918041
2459661997
3233977478
3105229572
3420066303
3342863867
993250615
2967987406
2197340753
3988812508
3057179341
459427646
3009121588
556974236
3382925813
3078268127
258328994
3210682982
1095993914
2609575468
3055101857
3049295920
3155921661
2932948155
547551527
3233872188
504893574
2760116332
3134605410
2152873652
2520424806
2940960873
2971401867
2432561244
2906157125
596758667
1068720734
80014060
3369057291
2862960879
802372110
2887107819
392660969
226977643
1142140308
2435134632
1660155877
4081954750
3936476909
2922214580
2587545253
2509753112
2960030512
2153275315
3567415575
2769468406
1886531480
4103750859
2784256552
589279871
2645450048
3058975114
2593109669
3230212846
3295184771
387511855
3424756575
3302940544
3013213418
1014047264
1908774546
2946666543
3431524924
3358386742
2317919079
213056696
2285977472
72533082
123317486
1106572110
39113213
865222320
40190249
3209262748
2208812062
756806947
326645549
2724481946
2968314797
392313589
114163461
3381939401
163923576
2170976771
2205174476
1882711922
1103272292
2760722723
3161263323
3552034755
82561856
2496194953
56339465
2398223324
2181908827
3033750640
3565849635
2902609727
3334544181
2790689324
2603041238
2989714949
2902122335
3301627670
4187255452
378505521
3554726019
3386853497
2875150873
2734417426
2309699954
2428167679
1161241903
3169716983
2731446923
2629509808
3232570155
3426633167
2949521044
3197332329
2874423287
3656445028
336712498
3094639197
2218310433
2985974248
71218841
4173996202
2958568250
3399945520
3925381283
2800513291
2855596103
584028060
3377070299
2958647163
2886982330
2396663150
3743792609
3237181163
3341811215
43061637
533106956
303729852
3022624665
2918528920
3047657187
2796398438
3004850069
2920814920
2950581785
56336837
33232599
2904365975
2645510124
2813459795
3053451759
2975053175
2919104406
2970138226
514503345
310263774
991179210
4167017477
2159645509
2828305449
3688580716
4026855329
59195537
3288599987
2972791817
3071206067
3038721807
3241046314
1583777551
3309822371
2842934375
2392280240
1116233924
127277323
3996723347
3127941972
1521638827
2929936917
4009785267
2887377839
3623849716
451585586
1903876478
175752783
391369316
498821977
2791518858
3148089909
442554583
4228339646
382806070
3072778576
426487942
3855384737
2691040525
2185804247
2516253815
2858472055
3209294692
1887622068
3900741442
2774620121
1050560636
2921732796
2948791281
2934187245
4133596756
3010538759
1720209026
2872815647
2211842146
3486022456
2758671738
2555533129
2952011795
3044724304
2453149287
3101838165
2877869675
539357640
4150965377
949603380
743988872
4022343281
2982993897
3004581693
3092737913
328380192
77835958
2836367571
376760913
3312351730
3239172045
3970247535
3229181573
15481113
933758300
1251789001
3176583755
1414844587
2956198377
3242191260
158763143
626879724
3103873943
806236196
2174794084
2652365272
3124735733
3289863226
576109499
2912642940
45513818
2965958980
2539129953
25602085
2819472845
2896366889
1916875850
3346438325
2921485791
349118413
3231744195
70932426
2273416738
1460028360
3301548274
3028201781
2870937179
74149058
2967607426
3085031901
3526499901
2780458219
325718828
2979815133
359852566
2916415239
1402615219
2822645670
155869562
3246238985
2944213587
57612036
2416611624
4047799695
760099434
3421610871
3423875681
3310179676
3071524455
3931626809
1715085186
796756992
14512645
3246183353
4172699007
322216486
3741753556
3074749024
2212444796
3024806884
2971093696
3378913294
536301344
3256422183
2908344531
2808479147
3921433935
2884380910
2901186291
2934587332
2333905031
842714120
1481819580
3613515677
249103897
517362967
2618114609
499109153
1725766920
3402867034
2901744287
2376909571
3341550868
2976639430
246794902
3224393433
3319172763
2931763018
2559977837
501428025
3438846273
2907715582
2226306812
20360279
3131398175
2332009160
3014524348
177536354
259937305
239979140
2984991046
3623367443
2984559137
472982087
2291061792
890284411
2495905058
2961752559
299860031
801218683
3823758455
3031372579
3995306625
3255622943
2960545534
3379121116
24933236
3434528655
3334488699
2667347672
3126951412
8675782
4017548309
1300424316
2954502898
1725488468
3100178861
3684669917
515892727
2881876697
3890576597
2541836889
85353504
2843835460
4113441723
2199383966
2497025423
2917602868
21846874
3618920117
3292941900
21250057
2789734260
798788000
3306934192
2776235257
2883100691
15968569
2870561823
2838028150
2784229290
4020219941
1904281153
2977313350
2729247393
3392122889
1096213837
3994846948
3315122487
564723169
2711354274
911220373
1881922680
2979302109
856279044
102757296
2464507071
3038704301
2936001429
3362421352
4235702298
3982627019
297408397
3122526472
2462487691
3298091855
3338804128
2223514770
3247094270
3187769651
226576852
2427417129
3086951999
3030149753
2932581419
274422857
549690684
2795502330
2946344513
3230184508
587609895
3644643915
107720511
2958102334
2989454879
75567078
3362680714
3036181228
2973855832
199416668
3343287154
1122425563
3040297448
2459762941
2594570400
2986028553
3070411583
3350342747
3343935886
1132676618
3008359223
2761725810
3400493127
3653383995
2879375021
3161013467
1106035711
2997791350
2519373317
3501952107
1338450336
2454794323
2574781712
2389378847
135410621
3091915420
3367238902
3307223524
301698016
4078870217
2867373239
1449101149
2712215104
3070701981
3761480247
1017350089
2917855815
1864430688
1525506606
3083733844
831657780
3407201913
4091315667
24875249
2984738435
3430271182
1671387625
2842604722
3289936652
2889175461
130948303
3236766106
2934520090
456591735
2911859883
3052434417
114762958
353099559
2232201358
3486950595
3048817356
3010039042
205179319
472821048
83617872
3211563753
2783046715
2192598089
2831598733
221332356
1025123694
2445601970
2960104312
2905634507
3747545715
2741780292
1892711
3220771753
2889893278
2687317038
299613207
759530640
3832676661
3385591474
1188971623
3089918577
1509905275
4002299182
3008774818
2935932117
51850378
2590810374
1083513668
4040415316
2649462508
3032762457
2995603169
2758218799
3166256249
3092474811
3230397677
2369485042
2265941019
3105134539
213083996
3889449975
378542407
3126571005
2847915231
631450188
3481594043
3910690228
3115670519
3194551515
3300711327
549399953
2942213711
3077873976
3033036100
15001929
2919551261
264629847
2986708671
300184118
399647305
2272916425
223571824
2912674534
2992573859
3824865797
3095795065
517544022
394142641
2963184813
2955213772
4180272502
2982228303
2669333557
2904252436
3549504623
1892668854
1504696656
3854517747
2829288286
1243159142
2938481627
3352124727
2459338808
3643415535
3288822549
2789842958
3212715053
2891865706
2250628341
2741964414
3100319806
467420357
3384822249
470467762
323231536
3233962152
3248724371
2394673144
2817411980
2928157588
2632144876
3049610850
1524776875
2669414441
48287209
3320048505
1946041662
2922586562
3611378477
3083498361
2884495406
2331981097
2925972064
2815364611
3187114667
2879451121
958531688
871418676
2977804534
2973552814
2975278385
224707889
304368169
3172151255
307767668
3049357074
3383255596
2825243243
3158813956
2744392965
3046628319
2900697892
3377025177
3076139979
1954094011
515985530
2749554364
3337082235
119418761
472463174
1972648032
1355424817
3065670822
1518718044
931526468
394632027
3334832523
3863044402
3293844743
467516577
2998801594
2890425027
3350979707
267659355
439245957
2758493434
3406219967
559670617
1083248006
3240914752
16564775
3374886748
266470625
3217904127
2934542355
66787232
393381711
518267938
2409279637
3354981586
289465086
3307060605
2918415937
161002782
3890394437
1089603876
3163829326
3863554755
3235528744
3095475898
20306865
288189494
3521435955
2383510208
2877261607
3368124519
958559738
3247098483
870034832
2715373341
2871295907
341446675
3684083069
2189016102
145654146
2791110718
3129071362
2782421469
3165519508
377035231
2712818252
3197066554
3019447810
3389362917
3841262969
2616121184
3372758225
2957466189
839856912
3207503249
3344242475
2906676099
3030213735
2874227037
4017531916
816089227
3023560018
2152802512
2380177682
2389856953
2364821968
1178508222
3131591608
1367422092
3855527055
361402422
3426259215
22866632
2895051105
3242238052
174088518
3833611935
2389501359
3152750697
77554152
384189890
2472655004
3074502837
475310644
701195105
3308811245
3306529187
3098900122
2975198214
26238551
2923288013
2936019388
3023166423
3412215645
1577831826
285279331
86407773
2790283965
1412682548
631949682
631911050
2781279773
2969746918
2656073662
2645359670
3959098936
375739521
2339099157
3007504899
4154926648
3903329197
578431495
968416681
425059161
2915867765
2740846415
2872163174
851066472
3007937397
3282597599
968418102
3694467557
360800140
2267586126
4188691151
3165916283
3095627340
2966217334
3949861054
3162748199
2918687917
43305267
2494044800
3521036716
3188777753
1595371489
363426958
2960979363
1117765112
1183564945
2152367750
3133857507
2245386612
3306052139
221679489
3315142102
456926886
413085457
2393948157
2172433145
2507668387
2781757310
2319315854
3021627827
929462448
3218711830
2766462918
171878508
3065926679
1533414565
3179379461
2671649181
3246764518
3428576777
2561277977
301687353
176498026
199245763
30326260
3328453708
2979449183
3292902508
2700557468
3230489525
170243967
3182601953
3082270969
3060154973
2637936538
2543515130
3221439941
1523984886
2944199495
2376894670
2987814784
1700026784
858596768
2607366583
2973828117
120148289
3444494897
2791390803
3019670926
3739750523
2265725768
2497144284
3342876694
4194264976
161318234
280747337
3409235055
2869314820
3304845856
2912455126
4200105747
4173884943
2907474724
3152632727
250368619
3437904184
2228664858
335575421
583611624
305712899
3022910487
1448819474
2960026043
3316074568
2865665124
3027543969
3358682595
4181075782
465487805
2200748374
3066192977
2975095673
139480047
2928092439
109262388
735033170
3124334321
3228038441
3247573223
3389990272
3290358685
1660463708
3044952010
2946113597
3007247813
3334114684
3047691428
238644927
1485641540
2893836479
1439232638
2322664798
2974488621
3179527596
2431834601
451025601
2937329555
1376826090
2190479375
2609249856
3059763485
578346172
71219682
14648936
2887882438
1651007720
2612390538
2915097142
3374431353
3921160036
517589749
2630728635
3336811287
212949935
3587121922
219747467
1311710094
246732943
1139252300
2781134686
2941315991
4022657001
369509212
2954582349
2540646959
3554083703
3052524716
3332915716
2998414684
2822588923
3308250011
180744300
3179783143
3064324509
3913905983
1374823770
3065458390
4076701624
3600446477
54962843
3010374455
3387599554
4078167027
3697446741
2906957501
3023262988
3296601736
473910240
2857837097
376902668
3318972105
3332324668
912714937
2437035414
2984836907
3437995835
3323794697
2983972691
1610327785
345296765
2250168101
2980097153
2842542219
4187639763
3312386391
1436666065
26501381
19900030
3370535715
879865130
347728974
29469860
1623792408
2934331427
4154710101
2271694834
3523077916
2806563589
2851664855
3312681699
2987353085
258527734
2957593925
273832885
68709322
2212857375
518815222
3072072826
1236926046
473976790
2770878958
3195325257
155231879
2852168836
3496327941
3386994016
2720018573
3026980060
2379555977
1286573850
3042052494
3052975323
3341971450
318916830
2491941547
3492889767
3091392634
716230103
2938834521
2810073359
2958947776
2796238487
370614160
334216160
3127263112
264738887
3114486111
275526834
2495520466
2425352288
3585506297
996076164
447909397
3055236425
3366291820
3342739745
2741729693
263041082
3110896769
2715611913
4136849704
373569299
4034074192
3901158616
4195312516
220426492
3131199489
2812809653
2850862569
2752149164
2964363687
2971000677
2272942948
3028906977
3126527859
2754823747
3289287383
3104164498
955098990
2591155526
2732795243
3384420309
2470441587
2775023654
3365824995
2367707108
2364352120
3929946101
213682969
3429562263
1974594421
3065929672
412527670
406666815
3101938174
174718715
2952149127
187451212
1481668116
4060187637
2179666384
3402744263
2889461987
281081738
912589922
3209963338
3304469769
3398715563
2564934703
2373891567
2677990982
3630593237
3127479220
3027041002
264707317
33854770
3536362468
2916490027
1614923287
400928944
3169237413
264115885
3700083975
3344918533
1442176129
2292306305
221316569
2294979737
3949237815
2644410112
2922465153
214844827
54883575
1641454952
3038471725
2942339669
3023096927
451364481
2246297752
3323018669
2893941341
4113773422
2928842150
2981667394
3988684695
3428893559
3010676746
2893117330
507712802
510111856
1416433616
3410232891
3297868816
2847419110
2590893762
461210398
2932383593
194096058
2469570919
354326932
1533276738
3012875308
2999562790
265515700
2900671799
3851194222
2960964645
19234919
2966311497
4063983855
3158049778
326788327
142588586
221763748
2918583119
2936757669
2485843713
3207208983
2904611579
4157886689
1320643716
438646069
3092973346
12413792
2778324315
3130804589
2455255110
2912478270
3252533577
2990237447
57187003
94891130
1340640690
47978644
3091659791
1179400844
3295902625
2505463765
3152572245
3263625477
3783518308
2563827829
22139428
2439882552
3327201651
993194066
2972140737
3887555728
2835819089
1021469450
93657995
2418148171
3019580115
367091934
3183686585
726845328
3242453632
3054574433
3148421639
2246144926
3039786898
2406253648
3141933719
2973257290
1248691692
453732628
2960268688
2976798335
1291363640
2576098156
61427715
3172207445
3511526181
3018159927
370937142
2379497320
212947905
3134800415
1159615573
4189102041
141035812
2741695860
569206553
2972790779
3303519461
1063099050
144088791
36551615
2939661797
821318106
2474311540
3310951389
3091502441
3979369169
2966623719
2716544426
3029984122
2960252775
30425039
3312704723
932796990
2510802925
15582248
3986316892
1477616304
3925691847
1068078194
4039495174
4077669263
4070631011
2572024130
1384049773
2922648292
1919034662
3044523803
3384505096
2842609733
3075826949
3988638496
531589180
3174087521
323299971
4033079541
3395197037
3289636137
2625655072
2915294392
2689681340
2994208738
536228992
4142645801
3066155399
2888635065
258833549
2951568118
553770784
3069577727
3447377182
105598844
3360972813
2205637126
1612528327
3382829115
1161279769
73450694
189930312
565311495
3117020270
141300801
4004713161
337650546
2420170542
3125084271
2968321565
3297502110
2893822367
1063317481
2872872573
2792263239
991861914
2717833227
2176786165
2726776419
2951154531
3053291462
2499908759
407010917
3114995987
2934161895
2561624133
748821631
989076654
2270334127
473020609
48658787
2939637239
378458045
2960964004
3434724549
4017042141
248687711
1172871974
3131295675
3436043969
2479751619
155185467
2828457690
3134434991
85339459
3004371755
932893435
2759275821
283967563
1291703900
2909333157
2917214082
3392500301
2322651364
3317482709
3010200298
3930044357
2784365149
2933509407
3410321979
3018801070
620960325
161967266
3228486371
2292992030
1369645171
3037361859
4182006675
312652842
3086848929
2938478475
2844922852
2774050886
2841158591
3020275593
3121987165
35732305
3163717030
538443980
2897614181
2946361834
2818237154
2894493687
4135020556
3164417762
1725661166
2810655178
2958587428
2682008138
882125053
2966444933
2530077426
3133336510
1642237940
3046870689
2782146605
2782451680
264985557
3748393095
233279501
2523294523
312186975
198106071
3298379890
3802206916
3313029189
226922317
2171044315
2874144977
974751295
2936061496
318651447
2225736722
2447285593
3022092735
3437005295
254454172
3412667483
3989175627
4040525944
469244552
74119983
2962668233
3066468135
2800426538
2200903786
2885019244
3102682612
240014206
3092154183
96134200
239324780
2859158427
2465015058
2258430412
3243962759
3401225079
3133114653
3046177124
3140586819
710478205
550091784
710161455
201648148
581884585
3963051335
455693498
4014416788
3831929081
713813017
3071885123
3437286388
3080218445
3865480275
3006070535
231149166
3298842238
2976094780
2663506373
2494479481
3391054245
350172330
2871945263
604521947
12412612
2821179795
3646006816
21418004
3131626522
3187867035
3322651613
479989343
3356752870
2928636495
3011957992
2935634955
2773789342
2291178833
3938525872
3908868863
3393997017
2763871768
159791949
2644981019
2951477483
3298548568
53081178
2475958614
3045692192
2964962376
1072260870
1315256700
3174492508
2954075907
197412168
2585757332
123491747
3323830210
2933700328
3399718781
2914688645
2857226565
3334783131
1006394736
2836865479
2466507510
2955238293
2978849242
2986741162
2713021890
2773903907
1378032414
23184708
3296572462
3304810583
113025104
305504475
2364738734
1419440948
2664400147
2972060619
177611067
920771820
24140247
925939831
246836902
2909577221
28818891
3332835052
33241918
198446533
451510066
1477529066
224157095
1134541987
2922596692
2841797483
1924110427
3144210046
2827024029
2889190953
2870359067
2832720191
2648946860
1923016014
985444435
904776152
970764367
116752823
2716850337
4018502782
2876231165
2780601791
3370377917
1621191390
3806805616
3337301267
2965624456
3485520435
3305806775
3003592575
3756694816
4055829011
3166777083
2868043792
3898920977
61202777
392669481
2734437394
2935837587
436700230
3128069102
26843289
1341629936
2872104725
2370337903
387100149
2946704908
202543790
3144927196
762212623
2600955221
3311099686
3636438922
3294294226
1516013162
3091815015
2984773454
288939443
3308016846
2490994674
87820240
2784336534
3090493988
3007555780
4083355701
3026653757
2967515711
2664781985
3040548434
2881341382
2938848675
3051572384
132834798
3072030219
593478097
2698822739
115290680
2937050741
3050875087
3640279877
4100295389
2830156720
2322571774
2979558712
2567565539
2595791140
2828449110
1544325074
2967797813
3186622197
3368400100
4190641372
2317845662
978934184
1862630899
2717193920
2887747354
2798358081
243123456
3384318059
61515321
2786621878
2764885635
191836718
2220008761
337388534
17525171
3403151237
396547991
3308054993
56155960
344018442
5715272
2753620186
3171297780
3349499259
3084203583
3522593897
2342525336
3226215189
2934627298
2920214308
3056036649
3044832921
11728782
2981459685
1276186028
3537269117
2816613931
41251230
851674099
2292273828
3088594253
3459700095
2797809647
633903595
438441815
1171379226
2862501985
388454311
1284043651
3153996858
2504918940
943235503
1901927960
2897794096
993027102
3111121888
1042438962
4053356835
3431848761
3307179897
2859365117
61542700
3240539793
1523927514
545193105
214184713
3576329296
3074347396
472427968
2911446556
2313422216
4150971797
3350570351
193251929
3007552811
2993817815
2518631100
2996738881
3236314706
701436060
3309183041
323341134
2971792888
2985899255
2316682429
3061422358
3052354924
2928998073
316429681
3694353197
319519732
212649497
2911616950
3081102430
2989490393
179893742
3290962613
3782030783
1715495390
3303575433
272114584
437758055
227411343
3104186771
2873512786
475180361
2902470063
3008396111
2288681328
3123607744
1116889213
3109965929
2859496605
3661258996
3063823023
347291776
3757395616
2664030635
3308199184
2986379799
2797285320
2716352082
3292840364
2933397375
2949753875
1396327794
534265303
127008686
3001223835
635519362
231724103
3239005318
2238767836
2431146044
70840791
4041531376
3193139815
2789123421
41394493
123373842
962496956
1277355908
2786278371
3299366619
2955981165
1263071683
317037070
3366084305
2363884943
3360794602
2850513670
2342677128
1023741223
188294808
2719211631
53992078
359176388
2882476504
1188658387
2997625779
2994735010
2545371337
204789260
3493521095
3018405851
2472594121
218197901
2977811651
996601922
2893385410
2859472708
2638920963
21402295
3113893042
855166022
4185656175
69810763
2285188212
2244723508
1061231611
121656696
2932751967
516714322
1732886886
3083904383
3386275067
3793772543
328923827
2930604279
2766197770
2791349644
3652861283
2960823574
2972849849
3306627073
3006209705
3698872403
3022754961
3833368294
2910707805
4060460596
215181124
3037019459
2237871658
2933315387
2352373711
291099676
2773584827
17894247
2538169940
4067954213
4015003954
2665959944
4197624495
2625165783
50256509
27311234
219450616
144115100
3380634472
765937567
2517930631
3358125147
2335114141
3784156397
24715181
2626067374
3320551265
372504735
2502240621
2171322923
2496865047
2847200417
44623007
593551208
3001296234
1150450237
869394475
2937013872
229138874
521429873
224503358
3188127821
231079479
381490500
2893334158
3319142619
41558119
2495457263
305717928
1978839326
2916373763
3217271167
2904826005
1175890933
3390593397
2798419501
3398614881
154748254
1329985934
3230134311
84249177
3082873659
2917639271
2817739652
212505894
3395597769
3400139823
2915191881
3063941392
3227019519
3143720661
308970861
2903027013
3356295562
3253757811
518478920
2950589361
439350266
2853227835
241004706
3049592879
2359178192
3089461431
3377065157
2245098808
3405376702
859547726
3246537640
467459188
3067264265
2726275545
2824680937
237190996
3222384688
155626460
3156865492
236943594
1323267936
191348360
2429083641
2462672661
2920030805
23245353
3307062695
3019030366
2801336744
3323195542
2879544928
221744780
3407340778
3161021367
3594858977
3411034937
2712888217
2918745250
3339909124
3882687389
3309171669
178649929
1055225250
143379359
3298998291
