2915272271
191022003
1063374991
1492188559
2366792874
374987274
2814396685
2924636307
397218753
2808901367
3290181868
1974533586
2847117088
3331118241
546672501
318927161
3397959893
1221323606
831397729
2873686095
2859007696
1423371128
978033288
1241767195
1141590566
46592451
2849893371
2542127827
2976872493
3064913381
483689987
2770884680
3181386957
3183448085
860957948
1675210734
3005803953
1379074298
3130748369
2825093660
3360587903
3085863690
3077598341
3402153827
3242470955
3298100449
2799037500
3372618700
2939457484
1422911744
3310593141
2925830248
2835273022
1688340787
3101598197
366247282
2869380808
3391805151
3374194143
3346347617
3245214867
3006024761
3111374177
1282460065
2210423804
395917046
2613557706
3331469278
3132612155
2987103351
3261730559
2831554788
2852086732
842714120
115636393
3347542859
86620944
152231916
1510900554
1086417925
470945358
1329468655
1864927938
2815835499
3199467328
3000763165
2918429308
2896049681
115445130
17414128
3088919134
1305298596
1181662038
3388169686
860417941
1077002832
3350431792
1394837335
116834397
142657257
412868648
1870532652
2893065317
120229408
196091570
2912697034
1066740408
3310727991
35706444
3419726763
1555649120
420544254
3362560911
2909574394
780154231
2846355077
3314690937
355372739
3159501897
2826647462
400274930
2932289561
3077997213
490364861
1284601508
2841807749
1010921215
3331097386
2891346478
3377241765
3379136824
3339763155
2828601616
1279904287
3056391737
3304910842
3394429305
3382683123
3347887923
2927246242
3016810105
931497523
866267946
465967922
3115272405
1785296708
995280271
14555893
2794306297
3008064815
3001180021
786612258
468562995
2996299042
1179971700
2942432225
2900786274
2807660156
3094919885
2859157721
2925047669
3313040505
241208541
1610075438
2252113190
42290594
3402331661
242294837
3291402788
2794280812
3311728103
113451700
3304160465
1032578072
3386178537
3363249803
2876697160
2849559610
3252737915
3340963611
3294552797
1441150370
2976737703
2971518976
518415062
2978274431
3052557647
3353966075
3381593465
109607286
14862024
305509342
746846564
42103049
349014389
3002952425
2969975722
2797700740
2872456408
244028200
2898925516
3359092409
2815860263
3297344767
2786029315
184733376
1477748928
1297881138
1117756470
3132805492
2931162508
1702789310
54167546
3226319895
3063879472
2971502224
3251439508
2895930747
176054572
713827596
3021484815
2939597278
2806230362
3373712937
2855262358
2707205161
3207862504
3290412860
2885479463
2862401764
2831601757
3032247851
190925568
3326517370
77458713
64649400
3296691779
3259748914
2858319903
3330756237
3345793769
2243942213
528668490
3291693508
2837419889
213212618
3168952875
2923763992
3343644057
2784610928
208207708
3355043043
520739496
3359164419
287795165
3408800098
115879623
2782398241
36306286
2490487692
194073091
843195032
3026556035
473927044
2927969277
3121053786
19393813
2817709288
2405079707
3295531169
302171197
2254121152
2827150242
2933784022
94413203
2970119398
354901275
3375642075
2874257477
3183595887
3273279231
419834950
3358402955
707460746
2941230363
1231310750
14169092
2785969646
1500689084
2871111629
285092467
2952130204
342925622
1662001188
3255555489
1250911573
2977093786
2960920876
2918267003
3347537441
23063738
2900672637
2989696240
2893368034
2785991633
3296806353
403568668
3045228605
3377185067
2860829051
3170474512
2863164592
3376360282
2903583010
619248848
216370392
3014203643
3357464644
605244770
21130900
204448003
3534753983
2978924332
3064136710
2999567057
2272998296
1536287695
2786905909
3827057353
212500070
2837962667
489688299
3410041709
3342833655
164203099
274129558
1572080366
1324872589
3171325337
491622156
2987103934
2829067565
2955721653
3401310449
2849713552
2898992098
2800445914
25539550
2829801470
3172430585
2874479906
253451097
2871018179
2914443394
131864268
24143166
79522974
3292471329
2899065977
2997860416
2817393694
3067473347
2798500494
2822297577
3065892922
1179704118
1706314111
74282748
3031606126
2152745845
3180974373
3324205463
2827941473
2832217012
3297718514
1002136958
3184156996
2447077124
226841200
2868807671
2969888189
1517156300
111325088
2940581530
3312949983
3367413256
2829861184
1684127090
2824527644
3127012204
3312417735
509061884
376868401
2872408149
2983069648
2882217075
1617384500
3389392401
434297679
3307281597
1568039678
447192007
174733643
2811755857
2902383333
3044808975
1622313750
2845278909
3022481308
1410280520
2927002623
1868138364
2848306516
254513200
2845041814
2828306004
3383510583
94205585
2783847235
1470758725
2868744388
2899869399
350224721
372786044
3096269949
3387283156
3417928989
3392201807
1342003122
2951676717
3349776953
3080770360
381548685
3246999984
3379124187
2923863851
3067544931
511950950
328459981
3398545905
1280219544
2570605461
1022083657
212380365
3292675450
3078006399
3290674971
1241457716
3124475439
1548933133
3416155816
555266271
2864171800
415674222
1284097646
2985860063
14304505
2766084648
886800362
462471673
2835010355
2911150930
721691810
1310812856
3077372068
731522281
3413094315
1128393180
2800336785
373571282
22899705
2840233791
95412262
3047819018
3254794299
2966046592
1608172440
3128345541
740950556
2826755875
2805861765
233854319
15412984
21289956
2893183390
387511652
380471941
2758715894
3304007704
1044402666
2800000292
3329148671
614622163
312585514
1701265704
398058033
2897672530
28529320
3407879957
2846878625
282528134
1495346401
1269636223
328708003
2906720823
1605502224
2954002522
1553816516
3092642457
3032239330
3353954897
3338506017
2785812022
426250939
120175582
1319938765
2883995667
3251752234
1201107072
2872346949
2412246061
3175693354
3326502809
263963565
2735338041
3343943447
3296382994
414847073
1840669447
2225465586
2809459196
3295412363
3354809357
2829116765
1347968000
3239269211
3345547474
3383826587
3147288695
3248783793
3091453569
80817519
152569214
148324779
3375452079
87928287
3128021508
1134482174
2860997465
486537286
1575947887
37499286
198538605
1441427875
3248589166
1427695650
3004045427
3010919937
3198978256
2821579472
2930074534
3406899279
3342168167
3081893841
3016865615
3291620889
28948122
38416979
3306920530
2754837784
3379963576
3201789353
3243189017
255115233
3290711386
184502717
3297912584
2841198275
1635020419
3122891008
2464181489
1151023584
1544325074
1575842436
3317323329
1080826140
1123382551
3290087956
3079260532
2792805424
1663216603
3398458690
1106928896
20509516
364875657
1492765184
17365116
2872843714
2870733593
3379780805
94573353
3209705672
465372944
3112643671
715898301
3032095605
3346173376
2794838528
219590132
268961884
615716455
11227042
2803970853
2163380833
1534497450
289716966
3195880017
1052516630
2813869618
42497414
2941276683
3298902069
117062294
2955006911
2889537989
2893854899
3400013758
1665719268
2842495971
3347240529
719911598
2327367458
3131044577
2776358819
74240739
2826081727
1495273681
2946299019
19387050
3391754506
607558116
495105424
1322772824
906132979
617808091
3047002229
265298894
397609869
1668354984
2184176906
3415551334
3201266637
3208524297
268326779
2907017361
1289727374
2522774000
2982209765
324503653
3301777139
3241896538
3396981760
2831404101
297847179
3123713968
68636567
362365955
225811603
2999333889
280670766
3402929579
2792557656
2904327196
2921468944
3348111262
3304816103
2962597089
821267850
3139504883
3002843393
3341704991
3365649773
1412869627
1128776636
2303713820
117543180
2887909594
2811022170
2989437327
3032106640
3193988338
518462576
228142142
449144236
3376399259
3315935499
2775973019
305697152
3230146096
1288373798
3332142297
919239679
3374159867
3055226440
2797718462
2899340554
1447292024
2817216026
1180410067
1291544023
275015838
20358845
3025090624
2975255885
2816199195
48528095
3170797061
3211120707
1377384049
2911251809
2799324872
166073877
1285367773
2927373940
156257266
2831466612
2845431495
2997641248
3305882836
2936570607
878554812
2341729297
2786569640
1076666550
1415916871
149041213
1462228873
3395551155
2666412091
3108343119
2883791411
161296336
2840636043
3297898869
2753611858
3408638297
2949108939
1458144110
3019784116
3177833313
1389088796
3142854747
2649798084
3396321562
2863733829
1304843023
3062005534
3303392830
3209963338
395558192
82938010
2478611441
11803112
2967725477
2889547953
2890994374
3313648185
3279530111
495110445
265488352
3361879120
2885765758
2785422462
3311882818
2674015278
1524654085
2999983775
19388283
400811925
1626889111
2771129281
3343194149
2944032663
339179867
1533967027
90193347
439479839
33772108
3375225171
304434827
3241869839
3253412979
3160663995
636448364
2973588147
3304711017
814792656
194622666
2462896826
1273161739
3416449439
1352422872
293333174
3315752968
1705388773
2320707870
1269360433
2812841322
852367909
1374329814
1139818356
3252689800
1893436351
2835300413
3296945932
862711440
3364819030
20758878
3102098206
291599726
1055991817
26994590
3362212601
2714344536
3351833560
1231668372
3022907927
1255320967
1403404644
3400359495
425059161
447354738
1331211078
2902891834
2708447060
2950851329
3050717513
3313029189
3084115503
3310132727
3401624177
3040572897
1490447233
1586828126
2908413671
2889587055
3366353368
2821095278
2825400964
1275242131
1468358185
2945026667
189913693
385444797
3264116739
2963747427
33852195
2828594065
827158172
3100656148
3373845105
2815356933
456937174
1583044988
2767301057
2167042135
2991642779
2950410261
2912179343
27461433
2891467735
1347584238
733317132
3096754732
1130963010
280610832
2806070342
1189040930
2899394063
1524799003
552783742
509830765
152938054
993471991
2813043770
2946005187
2941352122
3344230329
3182841195
1273511138
1265023549
2980898837
3006480730
69049733
2858756913
538630251
138030167
3289753677
2875068857
3294477123
2926661132
2891926409
3017381015
446566540
3256695599
1464823928
3371048151
85542242
3024672153
3005423351
488790680
3234030902
2836017694
49784976
1339360988
966208302
558723145
2732612156
187267765
3100103801
2786397269
2902485239
3340720540
1263964681
2817022084
3194551515
3131500899
3201680968
2791626669
3152818204
2869234935
22021363
2992496817
3341698000
2943502383
730956642
2786534916
244612455
2978499603
3009830249
80003368
3257818617
3315423873
126252751
2805679807
3348832732
1118808498
2844270721
3342783477
2908570696
2839362561
3078216467
50427601
2917863927
2787532309
2909080810
350858925
2950150913
90832192
2576463811
2781263892
1172813749
1629381546
375610646
2924930940
281013887
3003786113
3313407099
2969592077
3324461313
2659425083
2973811619
19179894
517987534
1119794142
3359055352
2890129294
2525612862
3290834298
560201287
3041033674
144755166
378541197
1856505620
2432969025
2996938810
4024146915
3304461064
3119054434
3386385297
3373827341
3305589065
149168769
2964191315
267349113
3252318177
3054127449
152959263
1253966358
3307238195
2903490863
1398396019
3114207225
1139298169
2460733169
2784721429
901895102
3224772491
1431201492
3064712535
3241809820
268575053
2902284720
15070559
235884391
2796306367
372267716
1890547614
226683440
2899514727
764401500
3237859074
2149647617
3306896801
457679159
3379333871
2806894243
2214905845
182112441
2791263512
3228998428
3304753750
3194708156
2909531589
2783870690
3329804098
3022285546
3149197121
1292132305
3239250609
3079388127
2900293833
1255211773
1080290328
2831247221
1087319358
3307847931
2856842338
431938163
30906912
3350778695
3378004882
542763607
606790999
2883134373
3332803072
1055873419
2868822525
424575651
450913593
185429691
3018525893
2910276863
526402250
3063494482
2892429052
2874897262
2794664637
3362373544
3404466616
2992403327
3290178977
2974769055
2870837337
2864544773
3266003147
1647344797
2858766965
33229483
3239615427
2823153495
3395465812
2946587411
26258982
3101764738
2937557363
3198219831
3303284811
2976985077
3336498357
2899063449
3019995815
1533165800
3384913371
149865111
2827657412
2867531963
2915196112
287587985
2795670632
3339711659
573582223
2863663487
2754220777
2790463494
402076489
3187064879
2903758439
2969253053
1220870221
42509986
3015685324
1586595043
1553038849
271068328
3208598896
3115560189
1462836624
1267978884
454973988
1015365426
3218711830
831292464
3329787639
2782261292
42678888
3184195205
1157083303
415665888
457335248
2895879879
1375163412
1215134677
2880022276
418766336
2945687705
1236387817
217015198
3252489242
1648080404
289196634
3404144223
3387882047
1095162648
2758261165
832907664
504682120
3175711090
2962355891
232138974
303091911
23643491
3127825188
3227715251
49545835
38382785
578001568
2825648273
3089665155
2901450804
329067817
2846524816
1616995836
3360420149
3291874853
1209736802
