1191679015
2386394200
3228801028
3387430768
2828727110
538082005
2840280339
3091452561
3044566103
2952726040
3428494077
3982110029
3694467557
410214289
3091583531
2241909586
282224885
3309111040
3008276158
2935619998
2782189112
2809333176
3412647501
2815071665
3370639959
2601112825
2907479211
2563481883
3246315820
2938879599
3044642225
216647565
2333928031
589372308
3226747361
562728765
579015808
2953562189
108698304
2944038383
3028223914
2302874857
4009809274
2907624460
124152419
23943519
2760240879
2861362678
3384282851
3159233770
2808094470
2756222219
3073321685
3894426765
2761922048
3398765533
2970128951
104506099
754363
484699241
2514438202
342835935
482888377
1280219544
501839183
3321551488
4112114721
3652166297
2658687489
554266436
3120150390
15431183
949246267
214891401
2997662248
3375838247
3011953115
2841143686
2319507527
49398950
3995314996
3341479353
1183568232
2712421487
2587482644
3243499869
2351541065
1015946275
2868257121
16542304
237901982
2736627970
2987774757
3342331395
380179060
481926224
1872019668
14650620
2489568511
308900953
3332152450
3006446445
294201881
2978064981
2873349839
815483786
2485719282
3337744019
3036790179
2952721360
4113860878
3151889973
145983657
2444566634
411524028
2469080142
3917056283
2831451337
2879746677
2957356949
295632316
2803776326
9708192
2876001945
2920280637
345867123
3064732829
2960651705
426633668
3971431833
3163918463
3238323269
2925848301
2536046125
2498337939
3306794967
3259846299
2425196642
3059736154
3194489289
2779160066
3288822549
934689680
2218308100
1685340577
3903412995
1595421614
3306832955
3241819336
1227524401
3305655527
3400128381
2510518586
2253501090
2816794013
91070378
253751350
581790407
2621166581
3596496857
2603666934
2755068980
2531861934
2979528737
2193056267
3038817029
2782158460
3308029292
2522089651
2361937524
42729302
341589133
2838052576
1852176896
4041452908
98721513
2456163655
3370537066
2502414076
3302171937
2425705413
224762937
3101341659
2739889031
320912926
3296572462
2775678293
3404102091
2912927511
926138780
450660060
2970531965
2874242057
3105026926
3009805083
1332431294
2825093196
92461624
3213730409
1307043235
3298178866
3497227095
2543843380
3092061977
3052423737
477614966
23048577
3303519461
3004031025
3226730920
709045003
2911379019
2348508229
2941135785
2945751683
3391955926
2983203603
33991847
3318426779
3698673454
3022137239
4060761075
3299167564
2799731116
2951409081
173534977
2966737498
3224099391
3921191183
3356613843
3296507489
1097627228
3295629321
2787435140
80368488
66347084
2489601339
3093791371
3629569697
3131142778
411041179
3407340778
3159738779
207025136
2222009745
3377384836
2825026963
3092071557
2801544434
2939817081
614311507
1882446810
3025502489
41572975
3134434991
3406006911
320395608
2359340859
2492913967
3709077015
1106613493
2867155197
2550920203
3123032525
2980942848
1206082369
2492420617
3084447927
16040029
2845039864
2960002263
3380225457
3245365313
2838201323
3131393842
737470866
3793771827
2591594847
3148463686
2944057959
377262925
2641994181
301904140
1580848142
2934237069
779012730
112771002
43878281
2267133421
3963576615
2352904808
3401826424
2840395451
3091551574
3054005889
3196158753
2867412393
4135261041
2536666403
2936081266
3607445596
3129962907
2610797172
34890517
3774033508
396556077
20673406
3094706836
3338422864
2971413303
2870315284
242813014
2891353151
2951542619
2375348743
210355175
47171795
244919017
899601654
3045150557
72628372
3026660733
2913101404
2362478540
341576604
2520724593
3783010516
3263625477
1208532722
3288675545
231851403
2905217019
452141786
3108265169
14075165
2429517443
2438476777
2792235332
2865299219
393926395
2863627720
724507268
3392470431
2789253157
2614135302
434889921
2889885351
2905440347
3343701683
2912634981
2819283962
3345574005
84559588
3424116387
1189809030
50996980
4114028817
3147814564
20369475
3862295549
301688278
4004004285
2773556866
3412846798
3049236267
2887698214
1180896992
26454774
2941540511
4142688453
1596098684
2754823747
3044770569
2491383767
3345719817
12485552
3909867855
74996755
2664500139
943164318
3289287383
2737046560
2222921257
2379762919
15266120
3350335211
2411450604
2978660020
2261250065
3038721807
76897382
2843752972
3077587632
3686891297
47152368
3001973186
3253165264
3313616188
2942974355
2934544510
2715914399
2831501416
3032399794
269799693
130502684
756862302
21749089
85386037
3982327517
3364882540
3972292161
4118393357
3041061467
3153765803
2462902717
2938743101
3304807095
2762915045
2579221236
2339676883
2938482311
2864576103
1224181249
3746352202
3297813748
2478353636
2423313376
76584210
516693940
1039151384
621882899
2729010665
2976094780
1547911914
3184598063
2367589885
2865884356
2863618047
428113875
2414972119
2482867940
2994777982
3033330333
3388790441
2929513617
411410758
417792906
1134236786
3389333830
2480204106
2617096003
3115047214
1354207494
247002448
57861082
2885329587
2979649294
3297837459
3423858963
714833354
515999543
2846409747
220930906
2870280130
2412595887
3825686733
2405230118
2539164494
3025302371
3226024563
2895932559
590077889
321461723
3356240416
2956926850
318958501
2450129677
3845509048
4136374695
128330145
2432134793
2984448371
180335111
2157747574
314597514
469250546
2701854618
79431564
18726743
15148538
4120332706
2918999613
4055592857
3845571921
2909258686
2213651986
134412698
3088861535
2940045970
2990472130
3358278521
2493437504
3965281637
603964522
325626827
3095104203
275509318
1013916932
738387516
48149493
3001554484
1089689372
2826814471
1087032678
2903614167
256436815
3677958735
3935829329
411700706
4118585908
2950836717
480520721
2847885569
3314561745
3095056521
3164882104
79442114
2738826208
735323773
3044603506
1039851546
3091380701
2343273264
2937240687
2611482072
3306979042
905618258
3394413459
3012619431
35897817
912186014
2855431203
920771820
243251286
1294352630
2797459981
2863589093
2851594703
20393167
3775637595
2650519274
444852926
2983271122
722857585
59155903
3423858957
3357464644
3222668959
59821691
3285446162
3004360383
211315062
3023713091
2506293619
269891433
870089834
199730550
817002170
329578327
15986178
3031025507
83708513
30698540
2561897003
3427600229
3307257705
905022403
69638753
3875971095
228457403
3001747311
2925218375
408748393
2413155362
2953385091
4033746335
2688250317
3342472433
3446396775
2882830257
3231061665
3225719128
3019751195
259846883
2786693480
15040106
160913185
2954140126
49013546
115625926
192626136
3437924218
1947640820
3244634373
2285844288
3064866334
2794158409
3063934923
2906452905
2418573971
2913033898
3086389738
93586334
393676079
2428985809
3068380138
3297107979
3373830016
3010847143
2661492581
2798597698
88288109
2496893432
2885578683
3351102005
85791626
3333153556
3303140957
1683274532
3552541037
3438790721
3093784046
3893174836
3019652963
129020615
15681783
2613578964
3012084057
1545939222
3981546556
562680886
2555391348
2590241520
2956820439
3053221216
3240244264
2475436254
1559996454
1496197694
3347012717
2395161234
3678922277
3322006055
2823471983
3304823044
1307600696
2981850208
2992955705
3949774767
3308209288
58773902
2407264494
26990546
2484342164
2350951567
3142801810
2813357698
2366861182
3382954259
2853141669
246715345
2441982893
561162549
599627113
68213931
3339718565
20503971
266165798
28784985
3597423141
52351185
3314531625
1147684742
2354786102
2228964956
134560103
2864455605
2893017731
3094981737
3234478219
3012649991
2484879552
2876100971
2945935433
3072764493
2456255665
3104697455
2937252885
51023355
313611601
3401823706
2486146495
2985621095
543273710
2971340049
405110861
2876454561
3005313652
2496422400
295588117
496009156
3397186432
2847319047
3056763532
3350592154
3614257889
951387744
3092775843
1354164391
3059235915
3290485168
3455791997
2785398996
2986223061
2828221943
4097402494
2559400064
363147967
2941526463
3970975156
3091880817
2566849807
3465891382
3386280975
2541491140
2954065071
3891449668
378505521
3207605077
2426018084
2609238390
2393457980
4149419237
2970003778
2524297873
106515758
1070528378
2712693988
14568718
1464393847
3305783272
168485301
2644846823
2522626286
3779166795
4110660029
2456578688
1099321356
3126484587
277088394
2999938575
2677384093
3092842893
3319504533
352327966
3782642002
3312108869
2809205623
3844033048
225319102
2769785603
2936021513
2957296097
3326977030
100231716
3081239157
2782725640
2826428466
139380216
17867257
3011024074
2872253033
3104983648
1864814281
2900895381
12064702
45592617
85597973
3130611731
381980535
381548685
601004737
3388645929
3191941403
3108724697
3800383275
2954582349
919926018
3031317277
3077875657
2338141567
3431848761
2760455861
167437295
3245352315
4032679516
126129253
3094274878
360016318
3934509443
1150345058
3240258341
2616316710
3633676215
3065912199
2695259234
2939427261
2305093622
3523483456
3131057008
1107381391
486820062
250063558
3360610569
3092841058
2647063852
3248434893
2728696325
2828526826
3426532420
3028394517
2959727829
2415584868
3319452939
1154872915
3302464157
2856110157
3291056314
2612582292
2194158878
2815708976
227428629
3126716919
386148117
2896673615
3095453992
4111263627
2899164796
2865587433
68384070
3079076309
2996472437
2586099398
3288413080
2781451929
1406960629
106714817
2411223774
737126659
3751478601
1700579527
2967816851
468299667
36684347
1292707236
942094190
1479193458
20368893
377263274
2504678411
2398175623
260449150
2932424902
3398578901
2352782319
2860730512
2489262896
2616059364
2856319908
3288725229
3026254840
2343672590
242445617
3241056203
2937110560
3144927196
2841209422
2744677717
3190462269
159671383
154507312
2882987471
109460347
2950882468
3300664887
4110996357
3246771309
3304209730
2366252497
3362630813
327563893
633442058
3301121835
2455367640
3291719956
2791096314
2771515001
3345184127
2876054008
3544004596
3291910066
3070311190
4117667775
570919309
2783004033
2996068745
3091662034
3051125184
273909349
3355259902
2973656158
2816789762
3339672551
3007998346
3314827516
800734
3404989455
3297730210
200242646
3429407435
2487710190
3528830308
2821274686
2288963153
2760448203
2805096145
2958670396
352312560
3044522997
4060532243
3415106211
349585922
2478295288
3841943416
4141878503
720740821
2461015459
2447952445
3420861790
2538568135
2810776510
2970132874
27369400
492223697
2923387769
362363156
3078230759
2370343436
2508020771
3034096737
2492781259
2883021472
594041805
3103609295
2805182917
2454440502
2865324011
2473730219
3364166662
2921321554
2616617131
3043491748
407296750
3135262673
376676197
226550182
2867963639
899518952
2331877137
3222623617
2282564624
3156993681
514695880
2421510157
3860314995
3980955869
2961119727
3384524349
3007893255
3014725420
2878549876
3183881117
1395499081
2574291482
516472738
2178734135
2528906518
3091424050
2794522680
3386626469
1641038592
203546187
2685242585
2887301717
3729609255
2780705666
84075900
3394417455
3296452540
2882038134
3040697218
3927201497
2864496532
53755836
3732596055
2924647838
912428792
2885995354
1965486390
2652746477
387777607
412122181
3973595129
2960057195
2991853505
785223884
37161267
1114088161
2975038697
1498136370
2409910787
2903930230
23036498
607744431
3177767583
3532821263
2801353217
702778430
2335267795
302870544
3278737626
282228581
3025672270
3147539707
2665805463
2166866653
3386852230
288127696
2311883236
2899629694
201789705
3407697579
3040974106
2406876206
3567113115
577902224
16273480
944713021
2593563169
3339735322
2193947719
2832759563
2980059202
3753270695
299933915
1148526452
560400790
2455981758
2494498324
3065961334
513157299
67610858
3314530689
3291499847
2283413473
1143366248
2430102655
2380342650
2512484419
3390477803
2943975215
2760482212
2847915231
3378716872
3716457855
3436788783
1909297117
2958135691
40957821
3337430367
3878660837
3064524814
264059148
3781595427
2955478623
2934187245
193258105
3057894174
3602184568
3033371398
2959990559
2492779912
2969664911
4046868119
355011874
3763931235
2611023190
2975323087
3294641930
2957499351
3244700913
346906562
2985785254
2341622390
2236995969
455926117
20360607
3356295562
3663348732
3988751789
2957331183
2857498431
1407041660
2926632844
2449131043
8181122
2973435489
2440019983
3021447004
348629375
425830424
3981977109
2560257430
2383631060
3345508810
3481234767
2547269108
2601538561
3785229737
2472021818
2152528960
3328942671
3253357012
704830964
2571556962
2825873057
99269696
2839292429
3183658347
2920171072
3021646563
3763987521
29771771
509148420
3072615706
1223789042
700122713
3230664375
3338609973
2577536821
390104013
3318972105
2951482887
3261791224
2935887239
3628931476
3003226119
3386133627
2874870532
993419084
1950154344
3303131687
2740767346
28590384
2707856499
2419875186
3356602287
1511515224
3100054233
434833144
2736531147
2848054967
2222000011
10517992
243338672
496220409
269993930
262728547
58978318
2550321714
1464673004
3240213466
3372793635
1967486239
3362977185
130136656
235520808
3303587680
2945007987
160870685
4070546260
3424516840
3446155823
1123304221
2995434131
247248335
3099532834
3000971514
3121930990
3787689143
3130748325
2239091730
1332201338
1613394758
2457035347
2931077301
242795596
2956011747
3632846417
1509905275
834928014
3449495835
219702735
2433759434
2488626061
2982808977
525233409
2866269621
94038561
3050643373
3073084468
2482521840
17249830
2932100314
3234503722
2765771578
3422266491
2909947677
2951025255
109012666
3478766715
3147462374
2406144413
2610148646
3408672412
4147807805
3261012468
2983851143
2979487810
2766532162
3906174512
3294174946
3411149423
2990087614
3384996249
2506796106
2892111429
449671003
2437517944
3230487531
1710643471
2823117880
2455270248
2809888998
573939448
3092755835
2932230893
3579546255
3092530919
3103944399
370031338
487548094
3306868515
2938705593
3022309996
2487236086
4018632802
3576959056
2875711169
318072419
2588685401
327269161
2787991154
2919948557
289251219
2446162442
17000409
2672519076
2320607010
3139905483
1005978858
1510723615
3288855214
3114174022
2953811343
266203287
1072166743
3339636881
2354503562
2977799477
2956291270
404985946
3840446482
274987302
3350595953
3091424884
2950494838
3114034054
221606775
2759155907
2845603743
3107411397
2893792815
2851087727
3411367282
51701425
2499019084
2571208848
406948482
2661969756
3012422158
1044919213
56628742
3312684747
354817411
3771810443
20870702
3045639684
573178293
2455643803
2776289229
3129421221
350932785
372706388
3567585801
3120878291
268714424
317744782
2567475830
2915867765
954478344
586887461
3287951087
3856611676
2456225083
2733641709
248175939
3377099578
1512044773
69656768
2994416858
88056724
451369690
371481169
594195882
4118085136
2445346906
2427282660
2853227829
3303032397
3319592891
2930970017
3505238116
2954133981
2448922865
2932688484
3293252711
2450523138
36070567
3731358436
3238885420
260815363
2543130392
750779786
2868799103
2829707680
572794906
377567767
409418139
1171093976
511888271
3086435515
4062587476
2480045078
2908539255
3294091379
2875785982
3947501961
3568769297
123317486
2479142092
3014753309
2419047014
3422901345
19079057
2862212506
2933300405
366259623
2484876318
2711000908
2824956720
4135366108
3124883535
3292803891
3406244962
2934909256
1043226696
3183539241
3407339265
2969995607
3557255301
1385241968
3383717039
3189453713
1887371407
2829119025
1223000953
180425702
2423469783
365003510
2828170240
2799855407
3006066286
2275214164
3096772161
1555327560
128224680
2760682523
2988323747
2492512951
31239860
245895002
1241994529
2827509356
1587982052
443474585
2518980237
2921514321
3930628575
3401185857
2747379533
1412911045
3771436881
3386912771
1304890447
2844291562
75397683
2828141412
2433013736
2616119906
2943128979
348151852
3225035116
3332102069
118355449
4126385915
43062392
150148445
1081028510
175722824
3633928697
2884600426
3334171385
2841675657
2515420155
3536224517
846962281
3002132908
1462569296
888447822
2169094993
3122778357
2782775226
2206311839
4070601855
234385782
2359698298
3297575180
194958411
20393860
2749452507
1043158560
3158813956
2882914617
2965043721
616257269
590391783
3078694492
72403284
111344991
131777731
2612673866
2921200997
2868770135
3035245318
2802307044
2908986509
3081750897
2936056737
3384843215
3005331441
453430741
2501899313
293029153
31358144
3290039579
3663040157
2943985583
3308626079
3244261443
3987268594
3295547468
2188943799
714169621
3363817474
2815167600
2589139682
16824119
2491811064
3300431535
2884010494
3016927317
2940632520
2406369300
2909544617
3012143811
102714073
2188249989
442926936
1477990200
990854526
420964106
3868959615
2575282752
161431788
3147590822
2952676715
3027123335
2785364607
541468702
271157577
386475572
49113946
2960276399
478988323
385215343
174224740
2775721426
980358576
192623315
2525229188
2952185781
2429729819
2399617380
2779312901
2970199516
3140680312
768386180
2949383445
2596291688
2919820817
3377522201
345628077
2392608031
2396923368
2901812158
2920385122
142193300
2791559826
3350381878
2775645195
3240122669
2956079590
3086383692
3377751927
50118495
2970339705
2559704013
2501223338
3025498463
377296270
2592860835
2986353557
147977218
3082130440
90359434
2625339340
3066083177
2927083917
2921591080
2308391774
2952828641
2949946030
3234132161
3226698275
1458914958
2862013091
3333239583
515985530
2352584046
2688869715
158336760
409044866
12431042
2855652813
436441881
422744223
2442866356
543053352
241946515
2354394475
29176410
2784553487
4135921659
3049224748
3244641807
339765777
3188371791
1094509501
4130577209
3292513837
333866018
3365830401
919640599
918675068
3064951005
513260824
3131445383
3323253029
2600242525
787537741
3644039422
470050144
1947198080
2730433548
2902219900
240190278
2874171748
2237509010
2916231161
3750399525
3429690921
4012148834
2971041371
577123038
2601230289
3182775645
437794838
2239768271
258763894
3831853217
2716364240
3207472727
2294085776
2992805799
182732774
3625876637
179904995
3405716733
2470569386
3308094953
354365815
2557195764
2363884943
20713317
3040885149
16232997
2414718590
2788258765
2484775424
3305581408
20088496
845330052
2932664073
7771642
2758045319
3424059735
3692630781
2584769617
2619737042
2431360765
3160467675
2980379921
19226440
3387306261
2804040422
2445024505
96118707
3028032173
3023739981
2746606198
3293900700
2514952552
2534903803
2895766881
2248996344
3129025132
229804186
805044421
2597609690
3058764824
2842695190
3355467862
2589392400
3206034802
45385610
3018722703
1922832128
3180504297
2920589368
187809373
3080051577
2278843429
1524321656
3772811302
1886943780
3181072779
1953783571
3456467723
1851182707
2841749673
2839919152
859261969
2356889066
32431231
2997925966
137451530
2920328368
3090493988
2910108071
321950043
2986163482
93022038
3309761992
18391299
3429556773
45852690
33538558
3000286605
167727210
2817901228
3535522229
2388057954
3125997158
1915281150
3314974863
546642401
2969766789
1937518213
947318844
3044720332
3093415337
3367235783
2923108601
87640480
4083552807
3408825923
277125296
438217685
1581271807
535094138
76610482
4041300316
382950392
2865890314
2306171161
317751136
2792029542
328133599
3076801463
2341100821
3917935637
532396951
2437374193
3950133675
226951766
3119433777
2604916323
2693903401
2595836412
237659101
413286398
3002081721
2194190476
3173040640
550326361
2788283083
1577917279
2790652051
2848268704
634577560
2425662357
3296354715
164771462
3242535123
3771607701
51696199
3188777753
2845252799
3558519195
496157749
376234150
427347430
3366594634
2887990143
3308173729
3025279134
3436985716
3480068242
3368522481
1132437798
3003979767
261273075
2656953928
2795846654
3044634617
2434632169
318969267
2984425119
1160409636
3386970503
3075269728
2802052751
501812435
3511783761
138390954
3330181402
1394781266
616048639
2983735417
30245667
2797612614
63515813
2967285159
2960068726
3084518183
245781343
91099529
476729745
3060966527
179188889
3198916738
3291082452
403499619
3439971262
2248048033
2985399611
2436398594
3473900002
2876224121
805026204
2887085385
3004095412
3377244911
4083806117
2905807288
16873366
2968240493
3436566351
2853274126
3419117080
3254307029
2973009508
2631197656
15354176
20532024
3154431982
2907501221
383756251
1601061824
716084065
95670171
3122012783
14673740
1652452525
2418726392
3176249111
3102070979
3395243745
3067639659
3331498365
2547180237
3351716835
154864912
527900832
2954534254
3874524915
822993606
49970862
3298144828
792357846
130413857
3993087417
2954425043
2809881646
2535654166
3295743586
3296495591
3184155921
3402538287
2417111059
384962801
2322636197
573441924
2163263257
2479954435
2880955553
2860468088
3232963403
2521945452
3173067731
613205762
3118105691
3064113657
2292162357
2277858438
3296126757
3327536115
19402853
2950115811
2528538534
2540615983
3001773037
220291166
386179983
2966266576
3027052708
3377409705
2867511359
3845089293
459325882
2520264891
208108601
3419543770
2971627000
3393760025
4033366815
1148789060
2975109100
2342024464
2551629984
2854704538
3032767655
2951118279
3007762667
2612683488
2835830997
2932843509
2640949839
3350594771
2868758847
3972707428
2982791339
2877859319
2960634287
2864593996
16183196
2967969838
2440295537
2950842485
3353041599
2187847985
3001040733
2976798335
3959098936
309035819
2994237791
222723162
3618756315
3341992595
2442509945
2811490438
2989866831
3385849193
3395335756
254591727
1449018655
3097554880
328557906
2779709224
3623400677
2961827673
241865145
2350278810
3218589641
513906440
930738523
616985591
429737051
177967603
776723407
3293696595
333299465
2858476654
3411111957
3044681355
547956556
3377437893
2919152890
1160940180
255556562
2465177467
3845900134
998173531
3119531566
15843438
3297765209
574513864
2974614046
2784170347
2647736200
2981406497
2875299561
2621019275
726111822
2949893422
142832537
1469501725
529757044
34599574
572512372
41552589
259375927
1036858550
2516526837
2822330944
1384592707
2980335675
2726673726
34564323
3431897219
2517425470
91620647
92964438
4135585283
313300303
2940012357
384846358
2944718787
2967515711
332105253
2308301271
3143537566
3334701784
3426097821
3851896647
2790671246
223420590
3555235408
317817666
3183579789
2462996231
2799714356
2886032488
2508812923
2980400741
3304113435
2589450909
753345864
3106062388
2645758766
2497566556
2911245507
3779690661
12393002
972615566
3334879293
1441497894
3247914995
3427330528
2550005066
3045368751
2251895442
2847242865
3297725588
2463055700
3017291615
2492631955
2456900503
606469502
2823916443
3208065549
3358378042
3319326837
2994719483
1702370172
2172355335
1380262422
3431901227
2494613543
1490122207
2163402277
1136586289
3756251549
2814566985
806752321
232930653
2626646777
2428481977
3245917791
3107610677
2290455232
68141375
2865439083
3384993387
116877549
2424140270
2875208314
3771082995
19995402
2246491215
3395208477
3342880942
2595200168
3091660193
3298481001
2914299190
2945930440
256883771
3922003755
104570149
2892261837
2924923207
2785324361
3059550479
2964281961
122694447
2166848467
2862598696
2511396366
2931704807
2611842206
634504693
3379136824
2896635969
1629849781
3347770781
2292204333
2995049228
2820503949
4078294643
3384293591
2340653370
140432958
3091599447
2906252038
3086232076
2863244199
2700597857
2849688622
3913905983
3131483847
226887947
1133188722
3247708354
2868835583
314480627
495121248
913126248
1903169509
2347331243
2481046083
3296672051
282725098
2901744287
3134219445
3352151740
4090003396
562766343
2742654880
191909483
3310901145
2727334843
57996128
2958156887
