217706717
36917280
3339255713
2892257295
2395011955
2806411258
2391218604
3020014695
519489988
3023827235
190659862
2727076444
3225693471
2921211208
3390875687
205687080
2987745159
3362511424
3979145296
2836262854
3383025767
3332502477
2365530301
1680447073
2773161098
2482364881
2239283795
70948773
3399903873
1234657074
2444993591
2841043917
3749526437
142852365
3127851195
534654299
2345473307
159904688
121454570
50966536
108529198
3022714197
2902012812
3052624155
3228280289
2972719905
4063983855
978033288
3781437195
4134638175
4036614761
1417387136
2576784895
25506225
3731938702
3082258498
3415374910
111277607
3417324879
2809165942
132197658
2732089571
2351745978
3023853711
2912611241
2268456284
539394349
2226062164
2932037775
3429698650
2950907307
589872008
2348184030
150270847
4151056816
1369502251
2595413054
247224642
2161299524
2851492185
3316920105
2875788022
3057193095
3762611535
320784999
2957087793
2783048611
1635852120
3331110459
2801326627
2986870035
37628012
114174355
2197623541
327082795
115080415
3752390481
2989880103
3347669110
132659532
3136265933
23215184
2971944513
2907474573
2837310217
102635385
1653168806
1920024157
2269030759
150988569
536438001
2534726699
2470875312
456516175
141184358
322619039
281917521
473018023
3071971870
2782146605
1377856346
2403904578
2734874914
2316175158
3365564181
3310827869
3964357762
2383319412
1367082151
2236995969
3069287933
1608172440
2846783861
2281160911
2875210041
2975327470
2252542698
2938834521
2920524866
3097297389
2886441081
2355215967
2325011850
145420544
359813784
4059282436
99379982
3186896476
2656073662
3377909908
3523649775
2236076460
2896147541
1379538578
3696199097
2872851033
221499015
1439532116
1339677360
279913394
737313576
540076809
545820886
2455566202
3344203707
3315401369
3001020345
3224107213
2889506199
2701055996
1604629412
2975225721
4024268541
3483346894
3024985529
2950746616
2350648462
2841796889
3092852878
859848072
3367683910
2226067115
2332126239
2979734621
2810599794
1688591515
2521438316
2688686385
2930054735
3007189724
2597926989
3235665641
2502233432
2882331659
2899330275
2579579108
28572274
2973746931
1828273440
2332681442
562206018
517438490
3010774097
10045192
2176785864
3026263324
3014001400
267066269
2327138670
1219856624
3204959231
3317966188
2792176950
2863810361
3001791881
4139097856
2841853901
2900407762
562730551
2475583705
2149553137
113973107
134088062
369210396
1561393740
2894770990
3056040311
2906366225
399310664
3028306768
3391479375
3123763242
3804026715
555855921
3044771121
1900547941
2502889458
2855294536
2356165057
1478024311
60510269
2433143999
3364489510
2941322595
2424227166
3009925317
539966835
2306940919
3387864509
23085695
2310372216
3291182465
2326710731
1227084350
430742055
274147804
3944710581
281594145
1342003122
2753855415
3307346531
48362495
3662935580
100203810
722021454
3630964755
250751108
2918127573
2897476041
54967130
3989783187
3014321315
2543777460
3897718029
1386725630
2907416344
57952841
3980066121
17688171
1917657782
2474830274
474226071
2731658509
16696428
114219052
2359310514
2912976934
381383366
2555509952
2223506225
3548237555
2354256547
3612919829
1359351354
3315636399
3006280089
3292683983
814944594
2838317504
812814966
2271984394
2364909633
2395009213
2755339258
2886092938
3066034174
2772146158
2488324510
2413456911
3042318712
2421897890
3135212242
2935682638
4041907041
2513401879
1191618972
2992350927
2885426932
2726744661
3342646936
1938113222
3199094137
551255017
2963240440
2759211594
3150431683
252667299
80323965
171020313
864863412
2525957430
2765771578
345331458
2891653611
3365856555
2498335970
68347207
2793242676
2962842118
1625251148
3123704813
716007380
4026266177
2940990645
3386941481
3042786945
3872053037
2869033737
3254067309
2600751882
3341970719
4096097013
2763542132
365501479
2942433717
1244655204
2884199063
83615725
3228801839
64149466
3369404949
3016927317
180504383
3159180439
2520969429
4060034434
2853168357
2924752495
3047839031
175162264
2894941966
2966207818
3085091781
3106180880
3145546324
2277607651
2911373309
3087201202
939126548
98377018
396427083
49395100
133359273
2971300817
2574282320
3470898694
1552340119
2334895837
3091600107
3091253417
2972761293
2765561751
1731685819
450605076
2863627421
604696361
3292454391
3483235876
3086429480
502831049
3148152142
3522489555
2958302727
1573165112
1018408574
3303729352
2831765007
2273917675
3864484877
2785477409
572872299
2174674685
2820662891
157908546
74447545
3425856148
3438049571
3027118468
2940801233
3855527055
147575401
580721670
3058764824
471433213
513365213
3077997213
3391526542
478377888
847577532
1725322039
2313602749
135502817
1963487244
2936137918
541913440
2466228116
1721800130
3472201936
2666412091
2255313518
3803212349
924403879
2669340754
3381052271
2516870596
1294937936
3148200627
20295194
4091187796
3008709706
3173106065
3384225873
182778081
3387250137
838163466
3044762968
479413843
2177281180
2813203100
2432410441
1204847814
3245159194
2237752123
2426548406
454294682
2900671799
2500896056
186185132
3043754874
116386369
2891948477
62017772
429737051
1426348057
3783960382
2785562420
536300418
3377405237
4036835487
3525186736
2326776074
15124728
2856373985
2720340524
3401347077
2222634162
2787405458
99870517
2976875037
2865630167
3017767485
3042768849
1657966399
2922586562
110816158
3858963329
2228088176
3611797697
3298447127
2949861700
3521492295
2619737042
2603398495
3083903686
3091414186
25046814
2357588036
2541454721
128544676
3402544359
3556745603
57601933
3073537409
2333998807
3138246431
307089330
2851225503
3241906228
2331877137
3202374197
2946137117
136714528
1202425099
550169396
763847437
2367344658
2293992785
3172784788
2989922573
190688978
3515318115
2594855107
2801644199
304285429
1704596503
2984507913
3240951526
2392507543
2741547045
2775065031
3848427376
44708203
2439850341
2497144284
2307160891
2468960384
2314242566
3332863091
113476922
2628296122
3387798647
2766950164
3033365963
3080297035
2905217019
2267538669
2966590151
501576524
3061581376
2823948421
2763559568
2366713351
1964217379
3029365062
3161884180
3184589944
2814714157
366133345
3438124071
3140152275
923685254
2850576554
233197900
2904789551
3022932291
134052202
943271186
4071154559
2573451808
2835459448
3607946968
3012504742
3018468087
613500612
269941770
3924714645
3007798163
3038804566
3339760743
605903162
50617184
2738526719
2386327315
2411189678
132438017
1099330698
2234591977
150631613
3576560062
3393070133
774044107
3865073044
20359531
481833575
3748312935
3368131611
2880661311
2824558106
2254829479
2967571534
498225676
1034522912
2186176538
196521631
2441029095
2428947491
2645251676
2976511672
489789507
2215449217
2369125656
2838066605
34615613
3900841576
2715794027
267137722
2928456214
2913311327
2187961712
4015772165
437400589
548439872
2573495819
25678279
2930290061
3169171831
2385151586
3620724015
2924788565
2431727578
3344918533
3410529605
47101739
29480593
3067481824
2853453886
286678721
3433800513
3362069110
214430186
2972672193
221443738
3552395717
2461039469
385437622
2712467145
927660606
2878101178
2775163205
1665339181
1685396629
2486138452
534633109
1169952247
3410659005
3331649697
2416005849
126865696
3460414941
432458615
3824288716
45317667
420897294
2967481457
373357936
2919315094
533619645
2751158699
2563216890
323350685
2358267937
55573785
2902591293
3253155225
2517408541
4033814475
3491991195
330367157
2859179273
310054063
3100091979
2919297986
2175706162
814727412
3081373065
3327222299
3484091548
2815318323
3039547691
2408386519
3698450951
1681830026
2648083596
2188626903
2854665347
2578726422
1280638704
984148994
382043728
16118121
3061999035
2399219780
393602803
18799292
3308052201
3131316437
455110268
369699988
3144857733
3371476655
3833358316
3960140837
3002957939
176911878
3292407559
2250293793
3293487521
2475071658
129456314
547009641
2937104548
133281953
3082994366
2797521747
3056301640
2858437700
3396208336
3165878151
853422774
3342739745
316429681
341511240
18186341
2883936705
985231999
2394814645
3706421415
17210575
2864799191
2335330483
2208927147
2857045517
2962547260
197486179
3835707856
4085115448
3334439915
3312813580
3332331137
1216326174
2324798670
1705091029
538299113
3415581917
2716728277
3008036890
2381607035
16010817
100038698
228675923
2578338194
3018513435
2437753851
1876350066
217670611
3433145499
2442767026
44722711
3094916170
1527333206
1940695621
3230338767
3372765971
3027715863
2523388112
3207921125
3027929507
2878153066
2496484374
127476241
90834476
32812383
17832001
4140680242
2884157681
2565627753
128187858
2616122774
2722128892
2323463816
2267825993
1230272786
3039764183
260182286
3826129983
2780284186
2902428005
3235199097
1943703169
16584107
493116344
3030325646
942284766
2367146089
3494415441
2893822367
2875088809
2770041475
2987294290
515480089
2360102868
4103541267
2886893015
2481761292
3238270028
2895182866
2243791381
2970643606
3091389267
1418363833
4097205435
1412869627
1197746047
2949898767
3919732515
2837251677
3422476216
1317084469
1724035838
181792363
1422744709
2354526475
3033463193
1681557823
3297487851
3130611161
2326139852
2332386278
492559174
417047169
59124133
593970906
2934286234
1028286877
265006861
1068078194
273425923
1706941374
3066155399
3064079890
3042609185
1171476102
2881471971
2346238819
2870691015
404192536
3232939731
2315610313
2319724194
2547896383
3260318338
3431438225
3226294727
2369857300
2964832869
232798327
2690121537
100185355
2711897095
501552689
3342432447
89500403
3231973948
2985451751
2869605290
1091346392
3231691972
457036376
947795342
3493352296
2873821797
2328867724
47900490
457338767
14673740
110170729
134732915
3782448809
3238738054
3496398314
2964241966
18238349
87524075
2411553805
3447019756
3105385227
2556255692
3391431736
3757560195
453065262
4060810233
4078870217
2817695252
2846480057
3143008259
2756402942
17800444
54530301
944635045
3309207551
3091831497
3298917713
2861106197
3000113390
3415679739
2608335152
28535359
3391595111
622035044
3106964597
70941527
3002567003
3240211282
52755532
3437600889
2437517944
3430862860
3300520733
2401636970
2307324534
614357678
2824832035
4143098045
2348167916
2873944976
234884232
1339351014
2849004851
2246055548
2966159801
2874837357
97877670
3243417993
3958141641
1304457830
19107774
2420180378
2863834437
1344009086
3008370797
2936952425
3404415929
2401065786
2654010343
109265647
2745386590
2264069996
2279277488
2943881567
2746300707
224578099
2870704901
2317343468
3435666617
2870719468
2361374833
2855582771
2450129677
2647368408
66621769
1733886896
488785415
2902244140
2745301479
2542997066
1405149625
61363848
392792845
2845839196
2429436124
871293248
3746847495
2874915747
2871417738
3823825101
403949791
3341921441
27017702
2612122404
4133805141
207579380
2623123870
291741906
3024012082
3996690574
2903833841
2846907568
3770121082
2353089020
1588366466
2817643999
2929368515
459061294
2813296885
2971707077
2308130886
3143446667
2441139715
3221397970
3195774231
2432336875
2987077127
3253854345
324881933
1459904971
298590088
135470429
1732886886
858786139
4149524056
3344923032
252251568
3332126914
3832262721
271429129
3310363312
2863812657
2899614339
2496845647
3053514741
2457659834
2475652446
2328513482
3295672799
3131330781
3332190279
2817410971
137371799
1689347768
3326629594
3010420757
2760183407
3041018033
113979674
442801242
2932542069
2996708753
2882577855
3866907736
3423470141
23285494
2425855435
222965366
2204909304
2942423741
3835777139
2809691231
110435736
2964608364
3126318881
2925581261
986904872
3366191495
4092797789
1594956241
2918171751
3004209551
3047128756
2558613283
2341454645
364384953
2243469792
16821935
3016680305
3079254034
3044522997
4144697294
15538511
48936719
3052144192
3247250326
489688299
2853219551
3140897993
3130040777
1391617382
871500374
1712112888
1013916932
2895624916
2974730229
1953669728
525189557
2325782897
3299095211
2647129777
3348031643
2797787406
487624312
2806138138
2422005432
2269361810
337105304
2252056764
3990407565
2364621642
2186690522
2836188909
3014710557
4140373109
3012891825
299672632
2787927871
2425119770
3906523818
3093170361
60630394
2356981698
607278560
2997363209
1039613066
56964695
246973741
303185197
2500834302
2776608885
2419390471
2372451897
1342665661
2436038911
2366198114
2492018569
2450225535
71867755
2511320105
2746892680
2547823859
1522664629
437069472
2354572112
3435515116
2306341527
3253224442
139367580
1311753187
1492321214
3435357201
3544004596
3335947474
254425616
757724917
1399250802
2422456932
458669568
608183431
2962694559
3342021827
2329827528
2966154501
719515408
68384070
131887311
67911101
1319302352
3192626397
49291878
2951035877
3412055393
1346908914
1546630784
2359221873
2981749935
3602184568
2920521198
2978815509
21093408
2964573069
1430616548
2438558010
1593045337
307896889
2385684066
2819621129
2370780492
2647911786
3410309488
2950907289
4048572814
134851999
267349113
3663589763
2422073666
52010547
1274277889
2504567284
3392880934
272851831
2188545454
2203093254
3012279543
2296977717
434139273
1892934078
1593083892
3112054937
2422288172
2560952101
1696842680
2984163743
2576865996
2784489207
1317080233
1869219289
3079890461
89417481
3140522171
3005160395
320763183
1360215950
4048114637
2372939806
155271822
4014416788
3048148209
3926788389
4068140092
2868821254
1871113674
3059156937
1320992184
139043676
3429870843
3372760677
2760068313
3579566235
128972070
3095591909
114463199
3436957913
3043261894
3013051757
2762959617
2883851973
3808012582
3409115537
3043661686
2968096864
2355343882
2831773378
497203210
3751136596
342333133
3426248397
29794479
2915653193
2827458676
2366107280
2171822930
3172643927
1371695982
2833321164
2294473128
1572988692
2987042549
3004120347
3431333835
379684084
3378386440
2885530210
304993862
3590376197
3377486145
4133751383
18097926
34566579
2938482311
4011330477
3025516655
3436486534
2886108639
3228275627
1188692148
15694567
52668435
3255494861
4033569495
3835355188
2980460931
2156456028
528768090
1735515078
3295519919
43958025
1462228873
3293069563
2776359936
3191984722
2325031596
993021108
2852016952
3296965798
2872280211
401230480
3183406787
2229080540
2405538131
50263539
426866673
3305934622
3360937071
491414025
464956220
3332552073
373571282
1402060952
913545200
2352530700
3994954277
25260128
3309777340
1585072052
128980191
3291056314
129906070
889315159
274916149
2939276103
111647563
3824290228
3344521096
615526455
2994043486
3241534739
2921316905
2366829372
1568753863
3393903556
2161437426
730367492
436517364
2281900902
3012979119
3749090415
102046187
2726364101
184813270
106134783
2974827700
131826462
1339920289
2763972329
3130748325
3710911757
2965734929
115349659
1662015000
2921112539
3774420929
64846423
3339624034
1374989905
2425514359
3087394006
2445893964
1024764103
160445039
2895223613
2262926244
906382573
1828468766
629680141
2787345141
29547544
4062081741
3372771653
397905282
1519823306
111102107
2862776649
1320159709
3246836373
3384158741
4151155708
3291185009
2990885902
2275735959
196167359
2283233941
29306310
2324312294
2784156381
282137339
3862186569
895749427
1442179608
3292055834
2938728561
2943930550
303060420
1006072266
2563034156
1890832237
2321611843
4026697763
223198917
421138025
3078454557
2828013276
2885567854
2811325654
3279678418
3294898755
103861964
3073279535
3208439235
46118931
2819001641
241004706
2507160104
2543477682
18600279
3979778727
2891802412
3342908092
2752015480
3133821057
2350309094
3422309349
3094395255
2900545812
1129104272
4002937954
2506796106
1041552590
334877243
3433940475
246965530
3007966887
2723797153
2780735634
35853803
59417383
3382940027
2789465963
777502093
2407255908
1267596068
493122726
3078267059
2745471455
100529876
3315645562
2216260915
1117845553
2862242685
290104117
3383018896
2262052971
233294937
226922317
2525138870
370122078
612644239
468562995
4137669447
2871313831
2972870956
3236915242
3417141053
3087349391
1070836064
408255291
2450301815
444745151
3114822977
2841232625
2194951954
234108005
3304495198
3212131871
2458479416
2830113272
3401826424
3338673777
2829366915
3051234102
148687658
2926597713
2265941019
3304483102
3321574715
125782868
981136758
2734985411
868657789
1852719626
3392322502
3372003706
3539713035
2494097413
538437935
535724544
1431659509
1482390920
2430952143
3816394949
2781015526
351095345
383091648
3167436112
2973404457
2326499629
803064169
2788584594
3053492182
140069755
1083848832
168485301
628820027
1369272516
2910191685
3380104499
24165379
2789665283
1480354310
2996040394
35839872
3225496275
2776299149
1255417735
26064084
40736321
19111790
1444392348
3291722633
2893588510
1926100903
779850014
1262724265
1533396596
2766827316
2986318451
3522976695
3135376228
2380508841
3001068437
2835180629
3245050173
1243678278
1943656014
3319198928
2910685612
104607140
2920497124
2884639625
2647069173
2177005695
2831950951
2372012916
3552034755
2942488709
2236429039
2997618713
3030043329
2801600721
3091389863
15377918
822238238
2904913925
2832873226
2376351799
2697820208
4151358695
3930044357
2974157505
39722472
2863591799
223088962
2860075229
3008253077
3578511623
437018256
2879825222
3028480763
4136210415
3068856552
2696506506
3233478891
3081401164
273352933
2787647324
4039211261
2789364349
1206970963
2933810567
2869609209
2394778628
3410089079
191408221
2832313163
240359196
2277325760
11988362
2268742020
24864572
3046900179
3781755023
980106356
451484050
2760153597
337189799
32338085
2256879841
190389402
3059117385
2830365939
2160705980
263323711
2212444796
2930694647
63768103
2921947504
134382076
2223653454
3241862849
2866285019
32950943
364831664
2344369723
407979130
3289877220
3348078784
2498107765
1234287708
2456928175
607583108
3512674767
700147336
365618635
3123988527
2508423211
469160432
2841136768
2432018411
2853228165
4061388015
1431273884
3299519643
1879399520
3335756769
2828170240
3044908733
47892556
2792530848
712373438
2750490365
3302026108
492919184
2720591307
52504157
2908933259
233208063
50262858
2413585638
3771709162
2635307925
381618537
2813656781
1710661411
267050959
1447168861
1872309685
2355981508
3624302129
2464552706
428277122
2304811627
3466290375
3350730969
2375753791
2419195237
3436824191
3386362876
3247044982
22341950
3996826948
3093127115
3369083489
2380259881
2324125894
2956653610
2940691119
2501217978
477894439
3298309286
1177171178
2826956908
2984233173
2871998013
119487497
2612742068
3058355932
3394095237
458674573
2833574704
2984848775
3197037831
2216741809
957180482
2401117466
139349260
845380021
2846708795
243565102
3076869741
473213230
2993195481
2322995280
2904862547
2411324381
3614619143
3774160168
3648633018
2406543030
1216149576
1104549121
2395448512
154451419
2266339250
43084340
3288576903
593022143
164431417
393620127
562323072
2801006693
707460746
2317610074
4066180289
2319509981
2846669439
3015056757
2466473605
1722052130
3118821775
4106413217
2899777066
3381600747
598580686
262730513
2317086571
3036981659
2891450289
2487297558
3091983171
2357924352
3354067960
3956897297
387727762
4080105382
3105082523
161778422
2746544087
340341838
217586709
1964721042
3111583625
3136164259
3825820877
3179527596
1224828727
3900064881
2227759396
395819675
107465709
2878290357
2779796662
2675490026
4063602017
3404638791
3192155459
1330983931
3292882408
2338192424
2388351807
3799451422
3898425933
213750911
4047289355
3180126819
2788587784
3381876089
174647942
2474579862
2801530921
2317696393
4121641384
148855942
2464943106
2343528634
112885128
2564228087
227977193
98155669
97213200
2354958415
2835127499
18839279
2612387935
2899063449
3537401775
2904277324
180495280
3375397036
3439235661
3045270677
3499831936
2491691953
2370752596
2371689337
2885657537
3034847958
2531726245
3051647615
2498345600
2654187638
860842687
1118347063
109237150
3031113147
53134681
3260027087
2323225381
2925149195
1481956260
492532019
2767301057
2423393055
3291922391
2544261984
3438233974
587133247
3742112595
2976199955
2308047792
2935820565
950041291
3256849071
702598778
2226822241
1004872831
3325371195
25138763
114164461
2358120181
965147552
298482381
231475404
42617089
364396619
533574724
2430669713
3246204537
48039233
3790766781
3026401259
2536776142
3422707791
2607369678
3647176826
2799448346
3019831941
107995264
3722742681
1712244703
3873787877
3220750663
310821280
56990328
3311807458
2979811539
3124006894
3383731810
2308208075
214529385
2847396124
518364075
1369607953
258492136
2213834274
2868691035
390527487
19759956
3985770628
108672989
3135696431
1647354914
2909622723
2246978902
3370755219
2938053190
417195926
2546611513
476801139
2431134286
3030664227
3029710827
3129202570
192112154
2649240948
3289380076
2869518868
51178430
2832131342
1849493287
2840469989
2742419094
3309780749
857889127
1058297635
1488636482
274400071
536637740
2964835667
2294694618
2873859284
3273285858
2799596352
2819464193
2347150794
133830156
131487038
3420603431
152275196
1374930084
2332046516
2202985922
2973125734
2312046032
4088682437
145616967
2649897169
1207424528
1384185896
2247153729
2882675253
80514685
2440609182
3413225579
620441213
2806402498
2299805251
2205627396
140347128
2330156684
36926714
2162788261
30629725
2345578636
2896282018
2764691914
1079223264
3246262379
3711005476
1246197578
64367691
2712734047
1107266708
3385385721
3989146179
3532098975
2598296561
2815755295
3044653281
58418038
2526506501
2435313800
1889869518
2827326891
2992952481
775476326
1735263554
22058549
3888907239
1606444010
412425101
2843799167
991733298
2380812830
3618938476
3882733335
2776926256
1552663890
3806752648
3827601562
3055981900
3730994534
567511624
2383247161
247678613
114856840
2723198044
390083375
2516273273
2903505580
2329617170
2786869301
3932287283
3239549947
2898994565
2907599247
226896970
2966677060
2909651961
1371449552
2446177207
142687222
1712779472
140171959
2416515541
3918506249
387068122
1569052585
2352138368
2462018519
3184003775
3364032003
329800306
2822389660
2934823647
467216290
3348808029
2864966572
3431402285
1964973314
3036447641
2250980247
276946133
3342188429
2729790159
143530736
4836191
2562192259
3163745169
2555066521
3397071051
998979949
138000506
137698016
2623867913
2980992645
43191131
3020024553
135561752
3063961425
107990873
2359301076
3309183041
114178956
3109300891
2482560032
4039755503
3344380577
129167753
532716089
2795974058
3370639959
1443873894
2615222568
3624077536
3290539679
2213019132
3481797793
2971012641
2323371523
2785517787
2638518790
977706740
511606876
2318847052
3431513236
2825026963
3845846895
2609306598
9369112
2894481249
2493844838
316468144
87064981
3000061263
3058757379
3872257576
405424834
236530393
2858820557
185205410
117179681
2911284251
1338848977
581839761
3367838661
20355203
1528677870
2961837634
528835039
2448308754
2345805573
3505784967
3295719790
3929484447
2942058861
2391898638
3635118627
2944966264
3179399362
3072971080
4118417297
2338389492
3245017997
3423729029
2445287944
2742028559
23319330
2983765733
3291082452
419545877
469182676
3708732256
2982553799
4027123630
18658805
2823768412
109517535
3704537356
75271048
48628247
3127507071
4016268263
105830881
27194471
3435858399
2778721660
135283292
3207521116
1614968755
3228231291
2927131690
17679415
418645700
2372275089
2927828577
2845615599
3492203836
34234280
2529729386
2305267562
2407019766
2291285564
3153927143
63244433
93625778
4032769703
2846784364
3186936574
21293897
1443946470
805221698
2555333420
2355337454
2343909085
2685905370
3399444556
864684938
3182775645
2469265027
2856819131
2903918009
3253138707
1265207622
2885563995
2453936283
2983586932
2605490642
26982266
4011275321
1409696274
474890101
1001537293
3105078777
2922988587
3111030419
2919412018
2904780220
2906676731
3897629302
2201099955
4009982789
1900560433
320069242
2456111904
3338798195
590823179
337171171
118163096
3058923226
3092506803
4040401233
1563424766
257127397
78857030
2824676667
2943223661
29188082
3421786457
1893098496
3363100103
3348062086
119078467
3052703525
3398605077
3096376425
3058486685
2772556029
2916632398
157303241
3022858863
3389269665
2462660155
290108605
3312676581
2956414295
26706844
2927088593
2422791073
1286964457
2402618832
3371002337
2966719563
2495960064
2929408065
3246034973
960582757
2784987965
421930843
2222000011
3033582688
4060333420
2798141994
2216141186
2362314556
927766484
964117736
1877211428
3771875261
3073230736
1216655058
3021320152
2885368509
3107493905
1112281302
3156865492
3236295540
374043081
416991377
464809541
465944634
2359315861
242460471
3436483011
3334879293
2322419756
2454039504
563138263
286643558
1456287548
589199902
2510327734
2974809238
3119531566
3247756780
1057298365
1564304827
24540599
2847352660
2963806469
4081468055
24447288
2647976731
2598587185
2776700871
2605930480
2249762807
1580065622
267778267
81285873
227428629
2370922139
2186957190
2654617684
546379303
132464596
2418814308
3021505389
385137698
3296511767
2847962037
3013936667
2329802660
1304890447
3032303565
2793808683
3324876550
3384993387
2373963681
2517306376
22935756
122323250
130154679
3158813956
2890486434
2987173169
414949511
2458195780
1345146157
3104225165
2942160785
2794415999
3199249883
2831282001
258824923
590354704
2935521442
2752702153
2645597756
2840280339
2365272478
2960177860
2986916939
2248785312
2938082451
18466560
4019531632
3240937925
3366170573
1416263166
594400223
3082390811
988796359
2904936196
2512938286
3368977881
2824945070
3439083340
487526024
2274166051
861790861
63398653
2996789037
566201195
3995404396
247252924
542986899
607304973
2354710479
2282275198
2901467689
1089270901
28540531
3303856491
190863116
2339926051
1353764197
2503843801
2380420598
3312164842
2868311265
254003772
2320686114
2581966546
1015383090
75997923
3434750219
3429453467
3288599987
2179436341
2981839060
3107459775
3431493166
606601702
2900861524
3311024566
2207596106
4141392021
3159174583
78561777
2821077909
3435817791
4077034157
2850113002
365689094
4067666476
3057179341
3010073763
2943911315
2996299042
2349769308
474900173
2816910914
26993402
152075883
2488694916
2458118103
341391156
3397756228
98242446
2896130345
2707299666
2828910490
4112125857
